0.22 0.293 0.947
-1614352972 -320459811 318420575 1098770529 -412422535 -2097288 1439116860 -1996981259 
-0.62 -0.106 1.28
-2105530098 1486624077 -1961775094 175819912 -1014801972 -1327869244 751784023 -1844371692 
0.0255 0.428 1.16
-1157383422 1203298679 -1487321826 6997676 -1785512962 -150824426 -342223732 -608366956 
-1.24 0.145 1.7
-1188389630 -138442762 56117534 1613930300 -2062074882 -14632238 -1061550737 -609154539 
-0.0288 0.273 1.09
-848947425 275493430 -429929403 -440440999 -1128356746 -869953359 -2136839130 1970335679 
-1.18 1.01 1.95
-1700253530 1334961613 327227294 158325908 288562121 -763738574 2144997965 -1028302704 
-1.4 0.0967 1.83
-277930411 812327462 -429929884 1622241137 -281025162 -869429115 -2132137004 1903293229 
-0.994 0.341 1.64
-1682850494 -272831015 324623807 1080491692 -1846330387 -134522858 -341952977 -544797680 
-0.0328 0.531 1.25
-2059109065 -356099730 1847130825 -1479051246 1800750090 -2003536947 -1100675020 -1789248401 
-0.0631 0.548 1.26
-1640867446 1622857053 64244879 -986194260 -1013728788 -46518458 -1416990409 -549646569 
-1.2 0.0958 1.72
-1620402933 -71658626 -1486994145 -524882324 -2051539969 -13706313 -876642434 -576090593 
0.0434 0.265 1.05
-134562289 -100704259 -1342771587 -174096385 -1344274433 -286393347 -1007681537 -9440121 
-1.5 0.0226 1.84
-60109038 -135363658 -421639980 1085730361 -854070674 -14246965 -1062310542 -101672899 
-1.45 0.688 1.98
-1103454838 1731589267 860767677 -467484884 -2121057369 -13465226 1260058619 2074952706 
-0.416 0.402 1.2
-311648453 2147311477 -268506025 -1533657797 -1395147010 -546981139 -1247420553 -77681537 
-1.11 0.494 1.67
-88558244 -1722548807 414006715 273219582 318577557 939158298 2132270587 596591570 
-0.974 0.773 1.55
-1730003190 1203433727 -472364657 -458826196 -1850229778 -251229289 -879086538 -542308705 
-0.162 0.728 1.11
-96478833 -692982303 1349999103 1768742844 1480014725 -247804781 -900007601 -73051750 
-0.205 0.755 1.16
-1748649401 -1615058774 -149750849 -807522580 -1778432089 -242263881 -429968756 -578030452 
-0.203 0.765 1.22
-1748633081 -1196848278 -464324178 1876322044 -578927321 -168830841 -964740596 -50223476 
-0.48 0.462 1.25
-365194681 2033812600 1694386607 1890113532 142553590 -710801533 -97845796 -249331176 
0.0361 0.631 1.2
-1577546 -328324100 -604261833 295528803 -276832385 -20318216 -2067267910 552795109 
-0.0112 0.671 1.27
-167788853 -218243731 1068957695 -2687011 -2046822417 -84185675 -1275069473 -143790897 
-1.3 0.522 1.43
-302575614 1606016895 670203183 1823907740 293551590 -978060921 -1015383337 -215675882 
-1.29 0.617 1.71
-1621045461 -273903235 -413646497 -457275352 -980284728 -12174617 -878814170 -1661461473 
0.281 0.317 0.916
-537399897 -16827412 -1828801921 1742602217 -880803841 -68159518 -2032140673 -302907945 
-0.184 0.488 1.09
-1390606576 1034882868 1078632500 1074799575 758803766 255957057 69969636 -1610505688 
-0.319 0.422 1.24
1974514282 393346613 1035399035 -1094304370 368916359 -1024328521 -210698289 2144306378 
-0.338 0.425 1.27
1979585099 307830312 -176758871 2140544991 83703174 -1058810739 -2106524730 1934009550 
-0.788 0.437 1.63
1474674597 -1074810892 -59053186 903734483 2121715327 2146432243 -991609300 -237831219 
-0.807 0.614 1.65
-1634288506 -273224295 432717758 1147990764 300577753 -6664414 2136938169 -1616021360 
-0.779 0.879 1.4
1551558952 -8943160 141341922 272683824 1222801960 1972534082 688228735 -1429303197 
-0.0621 0.377 1.16
-71436147 -738591252 2087999983 1811931037 -1652614193 -235243881 -394274353 -241051234 
-0.226 0.6 1.07
1869147580 -120939681 175997142 540592505 -367527878 -1085365142 -1449013913 -2108511369 
0.0953 0.258 1.02
-537465420 -1638435 318616407 1764616290 1785392889 -1082394638 608694079 -1931445293 
0.0723 0.252 1.04
-537395827 -8963078 989787007 1909061629 -1434517889 -1048589 -864555140 -102499353 
-0.286 0.715 1.03
-2006746782 1102697551 198460589 -2072601044 -1042302482 -1062065404 -1415940073 -29948409 
-0.322 0.73 1.06
-1941775590 -188837066 -413266811 -995980755 -443569282 -50030138 -2102778702 497655359 
-0.321 0.383 1.07
-121718712 1194446155 136597935 2053152702 284769187 -776844526 1796919771 2049376466 
-0.409 0.403 1.25
-172843958 926022705 895372735 -200884308 297745318 -940533609 -1021641265 1603077250 
-1.03 0.877 1.36
-1641575286 1740174421 -1814936131 -986255700 -2051331090 -281899226 -1952812361 -558562282 
-1.21 0.283 1.75
-1198081846 1194389963 -1191176257 -815622484 -1846854681 -779989706 1801081501 -542161774 
-0.126 0.78 1.06
-584181032 1886475820 936795860 1806835035 -373312404 -831391832 -2114802729 1400678463 
-0.389 0.531 1.13
-378906469 276404019 -2074688459 -172781635 -845693578 -596273975 -2136278586 -114719690 
-0.324 0.475 1.07
-1903694345 -400161847 1317714614 -697441695 -227881863 2060403565 1020200636 -2077067463 
-1.27 0.849 2.12
-277113085 939241204 1719617901 1890860479 -1927300098 -13518693 -1071448593 -102397331 
-1.07 0.761 1.7
-12216393 -118873092 -220521705 1774020945 -146811009 -11541831 -990922052 -1846481987 
-0.314 0.328 1.24
-1226096865 1357558518 -404763403 553119065 -552080002 -299568211 -2135995014 -713426961 
-1.3 0.845 2.39
-1647886845 1941869170 -414004675 -726209944 -2051575937 -301606747 -2101379538 -1657166835 
-1.02 0.607 1.84
-1618481788 -274290744 1523299326 1265165028 -1033212167 2078267249 417277629 -1934525544 
-0.485 0.64 1.03
-579690613 1740414581 -145340035 -457790804 -2053689362 -821708556 -2087027162 -1645638626 
-0.252 0.581 1.06
-883015149 1081709334 114763093 1219922434 -1945195416 -869951220 1133705362 1315736371 
-0.212 0.54 1.1
-1533395619 -2112718153 696969962 -96225057 1409086898 680546589 992863707 319517608 
-0.401 0.528 1.13
-42860534 1106827127 58131871 -466297556 364329470 -550453886 -2087027433 -278033321 
-0.454 0.498 1.12
1637724264 490819368 145112422 1514673043 409769088 282294298 1953561549 575045824 
-0.379 0.56 1.17
-84405002 -622952961 1069403867 778009678 -1277176833 -201709650 -1081090061 1473052663 
-0.392 0.544 1.14
-287121922 -396405219 134136913 -164201109 -406980612 -268850196 327679995 1585229415 
-0.138 0.654 1.18
-1676498854 -359608037 161485999 -731522514 1105967584 -578663674 990598297 237964306 
-0.61 0.632 1.19
-25289028 2077205428 -151188907 1622272371 -1441273249 -1083326792 -2132283422 -1309606913 
-1.1 0.325 1.71
1711108989 -1736487196 -323490711 986414559 1786631222 149549257 -1268383753 1900475374 
-1.09 0.282 1.67
1852468540 -121152516 -1409423785 -1262490261 1875831898 -1099979796 -1113194638 -964755593 
-0.29 0.395 1.21
1780018680 -44642917 162276515 268620735 1657664436 1071123322 2030429691 445551216 
-0.299 0.338 1.2
1459239839 -793013646 -419967815 -1074278823 -677905098 -357772379 -2001770126 -718555153 
-0.253 0.39 1.2
-1090633774 1671221418 -206397763 -1683493203 -2115128338 -341389460 -1954614382 1605330117 
-0.217 0.368 1.22
-436465075 528318116 -692650131 2077962207 -1124084369 -1057623879 -2064122929 1910830255 
-0.408 0.518 0.974
2109580640 -1353584743 418299830 2017523703 409534097 536595258 2081800169 1791377616 
-0.656 0.661 1.23
-705212731 938293804 -189596932 -275438887 -1367579289 -924326431 -1862796668 769781772 
-0.655 0.632 1.22
2121988348 -61350535 698653875 323149679 1388706217 -1113960598 2066076155 1529746274 
-0.123 0.578 1.23
-1926258799 2144307134 -421639596 565209589 -316726658 -546984455 -1867567136 2039588924 
-0.116 0.517 1.17
1283251178 -1082697362 -1355527091 1974869034 1672975334 -177788202 -77301386 1608293495 
-0.632 0.786 1.29
-107349629 -683899482 1649445406 1214370748 -1072219138 -213723070 -1430287667 -1952360424 
-0.74 0.782 1.38
-1286036220 -1409635948 322548158 1346923487 -1319126021 -681953250 1838142957 -2100475216 
-0.154 0.417 1.13
2112725360 1785764380 -1981636482 -267064221 32423064 500693774 356642719 173418597 
-0.346 0.429 1.11
-1154691194 -1346444622 -1286004970 1102737125 -1548266529 -11547594 -973199380 -608341611 
-0.333 0.395 1.08
1975322712 325152300 413548004 2063610871 141333632 99871769 1349712839 717586528 
-0.138 0.363 1.14
-381971198 1740367861 324947231 1613152188 -1852630017 -680413166 -1013033105 -72003945 
-1.15 0.773 1.74
-566031310 1676321622 1115193940 1077274720 -2095863432 -838814176 143273492 -2140116363 
-1.03 0.378 1.58
-130844663 1349635425 1081493743 1948309436 1216297462 -239944765 170064343 -1285324278 
-0.918 0.362 1.61
-1746444401 -51501322 -144973251 1774022653 -281550985 -300034831 -2063651220 -642648147 
-0.217 0.447 1.15
391101187 934119538 -179158724 1888913077 221654822 1705482455 -2143671772 -578715572 
-0.239 0.455 1.13
150516527 1538357755 -1115849398 -1159795704 297929357 1358852759 2133921054 -674345505 
-0.249 0.691 1.08
-1452682309 2087388018 -402898908 817499997 -275277442 -550137139 -2069181066 -115173825 
-0.438 0.601 0.999
-1429673987 -1739967076 -543297454 282814547 -10630055 333268671 -56242694 5963709 
-0.228 0.514 1.09
1416854928 -692597165 946258161 937793340 1514339618 1857093409 168077425 -1167625885 
-0.22 0.472 1.1
-107382624 1112665352 417334078 409049014 274414025 1945267755 940742341 -100185840 
-0.162 0.617 1.21
1173830747 834395699 1686096105 -159107464 -1468238554 -826943083 -2107408849 895723022 
-0.188 0.605 1.17
-96505652 274320681 1480006317 2036981758 1115632004 -1845885493 -1167009337 1929808720 
-0.589 0.857 1.27
199927335 -876957196 -948090530 553568384 -1786639393 -150193513 -272950002 -1778692131 
-0.626 0.812 1.28
1358000375 -2007993079 497090523 441441802 -755114539 -755284050 2136284827 1464219024 
-0.282 0.57 1.09
-916966063 1600916460 1287172207 1002541975 -1202808710 1356268489 1009752254 -1536430024 
-0.323 0.558 1.09
1039050483 1877543868 -1812224137 1083599075 -1385240965 527300796 -977981892 -864637723 
-0.109 0.598 1.23
-1707435710 666426545 21908909 1344716460 -772066428 -181237418 -887195733 1605174280 
-0.0641 0.23 1.08
-832336070 -135277578 -421773099 -457905039 -275256706 -1087591463 -928092358 -34304449 
-0.426 0.519 1.04
762043697 -20052012 1191108692 1622239347 -283709860 1064680173 10825588 -1728529795 
-0.403 0.632 0.973
-1684624314 -1883983733 294262719 -548476244 300636033 -242529994 1600025231 246236306 
-0.272 0.345 1.25
-293969987 2019286839 -1359098859 -1313382533 -354960898 -1619478547 -1188831758 -244666497 
-0.131 0.393 1.11
-1833534258 -961219125 453375899 -1888485652 -2080672851 -491108572 727667223 -686852718 
0.44 0.642 0.999
-546716928 -1074937836 1113342287 -532903495 -1994947992 -550094645 -1044759258 148674613 
-0.109 0.625 1.2
631215953 -1222169934 -332666072 1384129239 745293623 1115805777 -730421588 830726824 
0.346 0.325 0.905
-1618543452 -391769121 852660918 -378932512 -1561661831 -264330 1340024381 -1900774511 
0.414 0.341 0.865
-537940196 -51461156 1457437302 1102701561 -1435570567 -11799566 -2065174657 -1594819929 
-0.00932 0.245 1.08
-1048577 -34660356 1996483199 -452989955 -276828289 -1048591 -1394081858 -34340945 
-0.998 0.34 1.64
-1691108094 -273093155 391735615 -999489876 -1846330371 -136701421 -341895619 -5829488 
0.184 0.902 1.3
1053806069 -28892262 -592584110 833216883 -1368594919 1069533049 484812792 552793081 
-0.74 0.782 1.38
-1558665964 -277418084 196715798 275315671 823102457 1062873210 2100283389 -2100540751 
-0.324 0.541 1.1
-453821397 2078168951 1874651673 -1594491524 -1583877634 -902796315 -1162912389 -8913841 
-0.19 0.421 1.14
1089562607 -661769222 -323421613 -1076010936 2126957599 -923962713 -1104865218 -1253900337 
-0.744 0.45 1.61
-136409668 -27316292 285128247 1394172795 713016923 -1085541000 350613503 685832615 
0.203 0.286 0.973
-1613320860 -291017761 318485438 1128915692 -1570050181 -2360526 88581693 -2099021087 
-1.05 0.386 1.69
1483929658 1910037885 259280091 -1267278806 1368898046 -575526002 -352297697 -8483753 
-1.02 0.365 1.66
-655296222 -973545987 191921439 -1535730648 -778585106 -168674666 -341943233 -536998697 
-0.227 0.505 1.1
-974143227 418055766 1112797556 -272883375 -30225288 1077801089 1154624013 -1334793235 
-0.188 0.449 1.17
1783166761 -45476364 -310556333 819611987 2115471966 -1790168353 -324674194 -1711633793 
-0.262 0.681 1.06
-1087662846 1740488914 -1286978148 1075883948 -2121057306 -821913518 -1952570267 -88784876 
-0.246 0.482 1.11
-448542795 -45740140 1190864965 -793247405 -301677448 776844025 -1801082704 552647533 
-0.222 0.463 1.11
-401369827 -77336683 7037294 1613264863 941232881 523876627 1141366525 585173720 
-1.46 0.271 1.89
-865446470 1754780511 -1815329643 -1003553694 -476841864 -1623546004 462120819 -700698825 
-1.52 0.0213 1.87
-26489069 -137395402 -421904252 1622208305 -820516242 -14251063 -2002113040 -105866691 
-0.357 0.376 1.26
-830580437 1895814509 133516429 -449323988 -946357780 -47010868 -1685423821 -545505697 
-0.34 0.387 1.29
-902780626 -934093475 196955279 -1804677842 1472707032 -1118166258 2063686011 -698478758 
-1.07 0.283 1.65
1877537084 -61383714 -1426201529 815496563 1794628698 494744267 -1113207298 -94978441 
-0.118 0.423 1.1
-135488369 -1073776905 -1822496905 -308838535 -1382711497 -281158474 -2118160529 2078143655 
-0.321 0.541 1.1
-453889477 1893209719 1853212761 -1598677699 -1382564354 -860554619 -2102665902 -1183142801 
-0.362 0.537 1.1
-386583450 1274638205 1538911179 39091676 -1319135745 -825152592 -21029155 -213423979 
-0.192 0.427 1.16
99363703 -392291361 -1348606773 39266376 -135666386 -926063676 -1077063618 -698646673 
-0.319 0.73 1.07
-2008884325 1978570579 -942390123 -994653655 -275535490 -15429649 -1064409038 -591881153 
-0.951 0.921 1.63
-865428677 1912510070 -939637691 1622600313 -306730114 -583615539 -2002064014 -579293633 
0.441 0.349 0.854
1472505069 -10080296 -555044042 1531502819 745459257 1071644090 343371708 -1728939799 
0.204 0.285 0.968
-1617494532 -291012641 318748606 1162539756 -487920005 -262286 1195845437 -1028686861 
-0.208 0.464 1.14
1123248229 -2140963291 145746665 -1093275181 2054972601 146518409 335936643 609418178 
0.523 0.754 0.979
-1130977274 -370373796 1255322558 1394664164 560656337 -573844686 617584316 -2147391344 
-0.932 0.298 1.57
-138568369 -1082165577 928967455 1612611452 297752567 -277227337 -960528513 2140499078 
0.23 0.292 0.96
-1618493779 -5816360 -134545610 -880024350 -1494290819 -3073 -2072565956 -710672421 
-0.28 0.394 1.21
1633222520 -28062862 -394482397 -1870522593 1892015126 1027709514 -148519430 1666089570 
-0.15 0.525 1.16
709488637 -1118893636 -323180480 282673619 1850524254 1055728587 -1130001936 701692797 
-0.119 0.513 1.11
1140191469 -1739898960 1555561339 -1076004901 2122105879 1945986235 -198844465 826471370 
-0.391 0.384 1.36
-293872838 -52439683 805063885 1622596926 1671410686 -42456113 -1683816973 -9171113 
-1.09 0.284 1.68
1869214524 -128753826 -285348793 819715411 -363340676 503133129 -190460421 -212423809 
-0.286 0.613 1.08
1525292470 -944308781 -1073788993 -599868374 299867053 -213996098 -753895629 1474189303 
-1.21 0.554 1.91
-1975350489 -304703009 -268844849 -2076260246 2005068760 -49402922 2063930426 -2030559393 
0.0172 0.793 1.11
1488168993 -945750563 409486302 -1535854424 434252745 -202216809 1779833871 -1929687856 
-0.308 0.459 1.22
-864517070 1876700020 -1409808613 -1860944082 -1583899649 -549438470 -1080418625 -1442854827 
-0.473 0.455 1.21
-377775223 2003406834 -193042068 1905268637 744366054 1432467667 -1070401050 -106725284 
-0.277 0.532 1.09
1181449725 -262971534 -1934728096 -1316809349 1859441726 762689485 270584307 2037301099 
-0.358 0.625 0.994
-29912615 830310058 1993825013 1705531389 -365128346 -583332359 -1058342160 966885950 
0.472 0.686 1.01
-546583269 -135276585 39731551 1614216825 -1928074373 -12797209 1083076479 -656287171 
0.44 0.395 0.882
-596911397 1970263590 -1495904619 -457777351 -809501338 -315318839 -2136315534 2046604351 
-1.03 0.368 1.68
-914687702 -436546179 805064143 544644136 -778585106 -179164202 -342992513 -536998305 
0.232 0.292 0.96
-1645825425 -106946692 -403244738 1871374074 -1392579459 -571477073 -2072547554 -714429189 
0.441 0.391 0.874
-865706373 -186658713 -1479258931 -407372695 -409472658 -47930388 -1947567246 1602010679 
-1.03 0.357 1.58
-667281150 1194975571 -1286320739 1143381804 -2121057306 -181232894 -1952828397 -550697966 
-0.327 0.387 1.1
-1627218429 1672131123 -145013955 -994907476 -2051855497 -16344905 -1030064508 -1648802786 
-0.282 0.426 1.18
-613811317 -134490890 -1218687619 1622547897 -577258642 -9135369 -911574682 -33717185 
-0.686 0.686 1.4
-1150348513 -664104392 -455652937 -54932741 -541070850 -235957857 -1062469758 354977694 
-0.198 0.609 1.06
1499673834 183598151 -1612490893 -581133046 -1846305671 -1007159637 1204828695 -162132505 
0.471 0.358 0.847
520547712 -416888368 7209534 1411445472 1210215033 2135087202 5649964 -1427941288 
-0.285 0.719 1.09
-1939645665 1894712918 -950353883 1152632697 -283644546 -334195775 -2136331216 -181356753 
-0.288 0.712 1.07
-1659728885 1740225649 810421693 -1004094804 10107815 -819947242 1125809959 -811006846 
-0.257 0.679 1.01
-438103201 409670262 -430186463 -191297703 -15348362 -928149367 -2069140300 1969334191 
-0.307 0.723 1.1
-1376372166 2069452669 -269169657 -693723858 100122110 -1713112177 -1959135334 -550589361 
-0.145 0.379 1.12
174106922 -268510723 -1954781877 -1803621334 365136793 -135382314 2139446335 -824308009 
-0.155 0.391 1.13
1402316623 -1620263751 1286322603 -28776498 484988805 -1040496493 2119554703 1015236226 
-0.239 0.485 1.06
1671235213 407580212 1425238900 2023244247 1011614741 258585769 -1003356476 1632666344 
-0.244 0.479 1.13
-2115951609 -622121994 -967154850 1690119249 -1122578817 -567431021 -995423220 -177083459 
-0.255 0.469 1.1
-405060592 1450125924 -486833555 1354304351 -1424499329 -893275511 -2068906506 -1443824723 
-0.461 0.576 1.03
-29441774 -310390627 63247855 1144965868 -1028977680 -181787834 1268184499 -823323086 
-1.24 0.611 2.12
1993074485 -45677930 -825499050 546955635 -299569543 799929337 350596728 552664045 
-0.289 0.535 1.1
1425239128 -700719038 545161953 2091235133 -1036583642 -358441215 189972051 -1457000093 
-0.135 0.655 1.25
1702709749 -1203302900 1287055425 856758611 1853678792 754525641 348502515 542292840 
-0.154 0.639 1.19
1297289125 845916788 -428210060 1890648499 1846963318 788902049 -2145211292 -1455379603 
-0.129 0.597 1.13
1723017309 -2140967403 145727723 910292959 2054747184 716742920 268565723 575120354 
-0.144 0.603 1.16
1173577645 1349455588 1819732601 1000437596 2048326718 1253111521 -2140820617 -1318849557 
-0.163 0.63 1.14
-12608255 -1237596624 1145719228 1612756917 -918716442 1831967187 -1069895699 2066022920 
-0.0936 0.635 1.19
-1258521870 1167671402 -1148149846 457613101 -771885658 -1065201786 -1140956709 1537672197 
-0.122 0.647 1.23
1822141800 927370420 1214941416 805368311 139226768 798009416 270859747 734196288 
-0.903 0.439 1.68
1912484040 326724714 875968941 1531090847 410981798 1085504899 1081276887 -1289256886 
-0.453 0.4 1.21
-42000869 2012837686 -151073475 1689665465 -1918910482 -832194371 -2102198306 -9057113 
-0.037 0.756 1.09
-1750120235 -1196735994 1111742076 1807316721 -277093002 1841288609 -2132071723 1748316965 
-0.505 0.581 1.33
1634313401 -1349676 444392786 819078419 -1139356039 519944953 1688571263 -118043931 
0.235 0.291 0.97
-1645792661 1488526188 -403243713 -292360497 -1375736708 -571477113 -420250722 -176968585 
-0.64 0.778 1.29
-1164067866 -1986729560 -374236021 466484454 1408070543 1355441934 -1083338616 1392999380 
0.448 0.552 0.966
-1065870837 316243047 -281261015 -1531560036 -2053664338 -1070593915 -1146463806 2001716238 
0.439 0.513 0.934
-528920005 -1747356635 -416002999 -1382072483 -1382706177 -969924435 -822943798 2068679855 
-0.0275 0.742 1.11
-472681788 1484467170 -42751175 1489584991 1917312311 1117386401 -1507617644 -1325141048 
0.448 0.451 0.915
-688121877 284777575 -13247319 -1080680548 -845704722 -868456795 -1964025505 2001708111 
-0.457 0.605 1.02
1586687574 -2042650469 -1331163221 -555374932 -1863814233 1669991698 -887179591 765940608 
-0.301 0.609 1.07
-1162887898 -926947874 597254046 176159860 -751567907 1933206294 -303102083 -743081003 
-0.285 0.391 1.2
1098643241 2009062258 -427824028 884376889 -1467566018 1562687683 -534508162 -102331793 
-1.08 0.361 1.65
-667772670 1203303763 -1286077043 1143381548 -1852621842 -181236974 -879086569 -5962733 
-0.222 0.48 1.09
1708476253 961489574 -461657503 1922638291 -1099119562 183365849 -2065305628 567341805 
-0.141 0.613 1.19
540752893 1351872430 1841032397 971480222 2011149734 884515733 -31385125 1935093708 
-1.03 0.323 1.65
-327427271 2086655359 -402895867 1890770751 -476071426 -1116722229 -1197278733 -77291906 
0.442 0.567 0.965
-1066330549 1442403429 -13283703 -1493262404 -2053172313 -1070463611 -1145415209 -7369698 
-0.0609 0.239 1.12
-294924493 -154172810 -421639980 1622273905 -820516226 -1087460405 -2002063886 -110052547 
-0.0245 0.744 1.11
-2083294971 -667996174 -461642952 1019832277 2114346295 1117368337 -1004041188 -1316752403 
0.535 0.67 1.08
-1653162494 2008726134 -145061955 -995692883 -2051572889 -284894028 -2112209346 -584989657 
-0.216 0.547 1.11
-328574663 1893402196 133972096 1882692401 -283907976 1764789192 145418611 -361223619 
-0.167 0.611 1.2
1231837757 -1864748226 -420026299 -323678885 -90704802 -1133665652 -1784293022 -1789345793 
-0.871 0.334 1.57
-1649099742 -1349226515 963706655 155614414 301424607 -740589898 -10676723 -544768816 
-1.24 0.379 1.59
1330147239 -355582980 -562192301 -1248368574 -297612200 2144171757 746919990 -2074412195 
-0.0638 0.556 1.27
1924800764 1213234637 968212435 460052826 851810521 -1830131910 2130828251 576613315 
-0.329 0.389 1.11
225435409 -1213230410 -430290844 1690067569 -283220362 1864734961 -2136069088 2112999981 
-0.423 0.398 1.25
-495242561 1358528484 -17301763 1073733465 -2646657 -1058211923 -454829610 -244387857 
-0.852 0.421 1.66
-1147268386 142175275 -1210884161 1533726671 -1745904153 -1059334338 -939854892 1395475896 
-0.116 0.679 1.24
-328476173 1969050914 -273397751 1906710399 -434259458 -584053795 -1159136781 2074389560 
-1.08 0.363 1.66
-1889296493 1945023094 -405127084 -441030535 -1357403266 -14370571 -2136331216 -579219907 
-0.387 0.451 1.17
446757226 -1399595523 766803419 -1218519894 1372936841 -1241879810 -82486929 -547484586 
-1.02 0.564 1.6
-567288486 -411057075 47072389 1629681464 -893652120 -47019159 197798899 2058630194 
-0.322 0.317 1.22
-126878785 -185630020 -420034345 1643630449 -12588930 -324080693 -927995398 -235881665 
0.448 0.641 1.01
-1679579005 -1028065961 -1756084449 -864629240 -1785484801 -214526057 -476439009 -700641897 
0.459 0.371 0.848
-1625105141 -155543755 106842398 1681063148 -1013482497 -12928285 -1028753553 -651092449 
0.0636 0.702 1.24
-1389424872 1934590646 -1478587388 1093806071 -283249042 1025612152 -1867849231 2075437620 
-0.485 0.499 1.48
-1119997880 1329194249 29407142 1516279708 -1854194236 1372839706 2027680453 2049376272 
-0.601 0.628 1.2
-672199529 2012034694 -698891404 -273291695 -1136988545 -835330639 -1057018306 -185470803 
-0.147 0.361 1.18
-381971190 2013128693 1449019679 1614069692 -2120795137 -550397805 -1027670161 -72004450 
0.434 0.962 1.16
529526773 -278451304 -666127754 1103749235 778628721 802160249 73770684 -2133691416 
-0.346 0.408 1.08
-1377932464 -400833766 -1547533146 1378078453 -470942346 1569702734 -1649417768 1260725044 
-0.352 0.416 1.07
-1943608477 1772658493 1305536718 -2072590104 1845177816 -573084714 -628392900 -855962020 
-0.429 0.528 1.05
1165221177 -12070956 1223614565 881881459 1786179192 1064417993 270904445 -1462584733 
-0.295 0.567 1.1
-1529753352 2017986325 1337106449 -2129650853 -380775304 -1907235031 348383193 978757741 
-0.515 0.558 1.15
-784912309 321977457 1951877547 -66807876 285032359 -944513901 -1038418289 923468938 
-0.251 0.464 1.13
1476238159 -1212187422 -310378711 1050623997 -1896392921 1627347089 -2139209874 -41420914 
-0.269 0.392 1.19
-1164397484 -1621498744 430809010 1514862519 275634113 333071130 2105403355 1386631296 
-0.589 0.857 1.27
-1175798237 1253155158 -1218951330 141985796 -1793913857 1401306774 -273021604 -1019786027 
-0.271 0.593 1.1
-955807997 829079092 -992278099 -996654622 1045340756 -279334757 -1065304922 617646630 
-0.262 0.681 1.06
-54618998 1941567089 894881563 1832304140 -1850261593 -969876044 -950370341 1462584454 
-0.469 0.45 1.21
-71327933 -1640258376 1952405950 1789458428 478115815 -148158061 -1036075060 2040627612 
0.386 0.956 1.19
533196724 -330947624 -789859818 -1716920221 1851977305 1070585721 82126392 -1460472911 
0.122 0.265 1.02
-1618546746 -291083272 -1680099650 1095494892 1676341241 -3414156 -649120068 -995786880 
-0.744 0.45 1.61
-136385092 -27300932 452965174 1360620383 -360718757 1054463608 98955263 719387558 
-1.09 0.27 1.68
-1100546754 -388049953 -1946303337 -1002439317 -201327143 -1082498196 -1076887621 -688095369 
-0.178 0.861 1.16
-30035462 1766874409 430259371 -1756569618 1659867598 -772126902 1061941651 923731538 
-1.02 0.361 1.76
-675373881 -1615038296 -183043137 1808727756 369057703 -492086089 -427853074 -544899700 
-0.404 0.408 1.21
-46490358 926023025 897469885 -1272528964 9911182 -546269033 -2095383097 -74513326 
-0.546 0.638 1.19
1940434189 -1687568976 405615999 944780223 -1739257087 1399412754 1972493775 -1597521726 
-0.192 0.428 1.16
1470210168 1078058781 451356023 -1135345373 418032712 -1779303910 1905319453 1851133043 
-0.229 0.505 1.1
-2014903465 1370239718 -430716339 -272799671 -1086429826 -937037419 -2100413932 -1242431825 
-0.112 0.913 1.18
-42770529 1476303862 -403289475 -457732229 -809517698 -299516435 -2136014858 -580256657 
-0.354 0.627 0.996
-1849160191 -2023052300 -228924546 1622606481 -1677284749 1581620407 -1045033170 215533756 
-0.125 0.431 1.15
1409137863 -1212186894 -162072774 1839150845 -1623894217 -297935695 -1065406612 2105669038 
-0.469 0.525 1.14
-1541711536 -264305134 -1412783068 1344395127 -497158794 747737928 -1867800079 1797731104 
-0.463 0.426 1.19
-8413683 -1234195786 -159429772 1908041723 -1136728457 2137905337 -1057493010 2045821356 
-0.156 0.742 1.11
1711083625 929648244 1484188029 2022716819 142482946 217185457 1081147335 960923714 
-0.0325 0.671 1.28
-50548150 1476001261 -1078689909 1073135549 -2113948689 -772640873 -335881249 -5256034 
-0.0453 0.612 1.12
-390153782 -675678739 1069309323 -1504256084 -1778437138 -504206441 -68265633 -5288825 
-0.255 0.766 1.05
-706276129 401420962 -698879175 1872637785 -1120024713 -1036659535 -2065814946 1956770991 
-0.241 0.457 1.14
300595630 1135737331 -1082786469 1020697609 366417983 -1829995882 -282768034 -136344089 
-0.175 0.835 1.11
-367742466 -397255415 145078443 -1219698738 1660801416 -237354146 2135153051 370091866 
-0.701 0.827 1.3
-1912125353 1753994776 -2033467220 -465582352 -277093032 -41974835 -1735708016 1949382428 
-0.281 0.539 1.12
1482860139 -1420773059 499015659 -1265178486 485262977 -1750717026 1594916618 1147047106 
-0.216 0.47 1.1
-107267008 1113845521 417883070 941725622 407517889 1072729379 806524869 973554064 
-0.133 0.558 1.14
-1080058238 914073138 -179089476 1228058621 -2026016793 -284107615 -2131085628 1495385100 
-0.298 0.325 1.22
-555016385 1355788926 -419575599 1689644409 -283644802 -357780599 -2002522766 -177143809 
0.441 0.391 0.874
-865935813 1977603119 -1478734203 -441000583 -275271570 -46748691 -1679132301 2113707583 
0.0445 0.265 1.05
-168381937 2046386045 -1342768001 1973321711 -1375732225 -840565844 -1007681569 -143678329 
-1.02 0.365 1.66
-1695499990 -809839107 800882063 -2073633108 -778568753 -210097258 -73441985 -539029801 
-1.11 0.698 1.86
100622273 858720802 -463541720 1937979357 779900214 1252381921 -2140492956 2030301196 
-0.333 0.479 1.09
-1383596043 -96074791 1878715062 -1746804157 -428946183 1053771629 -1091599688 -1787658951 
-0.588 0.86 1.27
-328853831 2036085574 -134888843 -105027237 -1349014402 -1910196308 -2115834926 -1854214849 
-0.0301 0.352 1.15
-1142161268 -797877875 -1793828988 -1954895969 214827627 -1607046107 695648719 -791819086 
-0.184 0.516 1.11
-1172772518 -418199111 699153835 272799662 1355676545 936004446 2065552891 1267663872 
-0.19 0.421 1.14
1103230893 -1194913828 -54658989 886854994 2052512797 385709819 -198898578 -1244484609 
-0.346 0.385 1.33
-1677586133 1840305501 130040279 -1004087256 -2120046376 -581784754 731075603 -562557349 
0.44 0.642 0.999
-1200893173 -134360713 660360455 -458056388 228002430 -550094653 -1984004745 -100819393 
-0.329 0.424 1.25
-759975734 398064753 489117115 -61432180 368785319 -1011724905 1125809951 2140079242 
-0.307 0.42 1.22
-1707688630 -810487333 -1154720373 -730931668 -1853678617 -138802410 -350595781 -542178157 
-0.325 0.391 1.51
-1253679585 -1297337690 -413140291 -275026211 -1350572681 -871508507 -2064684122 1437202223 
-0.59 0.858 1.27
-395897673 1600927429 -1745730955 -583586037 -1382577027 -835340355 114491315 -721879889 
-0.344 0.409 1.08
-1391580592 273223224 -976770012 1526859735 -1402096284 214029592 -1867783231 1879352096 
0.014 0.774 1.07
1504947233 1201782741 6981118 -1535843160 -1744684307 2008217747 1612127757 -1394128701 
-0.28 0.533 1.1
1373680254 273734913 -1380483585 -1134572406 351119512 -1846119794 -212772409 1465814243 
-0.281 0.707 1.06
-1941741797 2007929426 -413482819 -994718167 -845697666 -284910651 -2104875982 -584468945 
-0.213 0.545 1.1
1098447562 -1732572878 -283728850 1086818221 -17836746 2139952578 -198507170 420316975 
-0.303 0.607 1.07
-1604066989 -353499626 -1014325208 1081412125 -284041866 -325805112 1687096505 674304813 
-0.667 0.795 1.24
-1409070593 -934357991 62931095 -533473553 -415634984 -1109523633 411825585 1446524728 
-0.256 0.49 1.26
-1602572522 1673249782 -1558207090 6463325 -1315456193 -569861870 -944781320 -475723083 
-0.28 0.394 1.21
-237457028 -1621898248 695516466 281589655 1346756115 868834842 -46807569 -205094478 
-0.364 0.425 1.07
-904826781 1213390169 145572303 -1267935570 1255848408 -774233329 2047073427 910823258 
-0.166 0.621 1.22
2112603658 935182962 -1284618439 1350971177 -1936507081 -944399278 -1055232154 -123239385 
-0.689 0.684 1.26
-73401183 -958272051 484465662 997249458 477260489 872087099 2018827213 -1429055016 
-0.196 0.431 1.08
1706635645 -1738916124 1279191627 -1161219105 2121555127 49901697 -1272586785 826997674 
-0.216 0.42 1.16
1699891837 308451952 1761520241 -192605557 1793387600 784708749 69336454 88781674 
-0.0688 0.726 1.21
1947942124 2002218489 417647289 822130583 710803089 183562105 939917299 1925607616 
-0.0175 0.282 1.14
-1016751221 816567030 -430479283 -1517154820 -40430794 -30566189 -1028777426 1964607023 
-1.05 0.315 1.64
-436507779 -126154122 -352933855 852559711 -293741250 -392064823 -2077758986 -1587301529 
-0.926 0.948 1.57
-121979646 -406862378 861408542 7651252 -1860731905 -150930830 -339868035 -72005483 
-0.427 0.749 1.02
1709538169 374168100 -323558175 -1076689517 -822221746 686136521 -1863988762 2018688111 
-0.644 0.81 1.28
1354509350 -1024393763 422363087 980924426 348318345 -260933098 2132089887 -958640688 
-0.15 0.525 1.16
1805774909 -666679539 1152735574 -1378233901 2054999129 838559627 -52311093 -1317884933 
-0.212 0.549 1.11
1098067749 -219439116 1283108076 -1533737982 2080798860 1009039505 -467297235 -314143805 
-0.213 0.408 1.16
595068733 945962772 1283401828 -1332057637 2118943802 239972508 1428221422 5935087 
0.0279 0.691 1.26
-503491733 301554791 -407478993 -287957091 -838888978 -1041016617 -2098538025 -235041233 
0.348 0.326 0.896
-1618563889 -286261299 450558591 1702885612 -1551962119 -262288 1860122301 -1494123627 
-0.0688 0.232 1.08
-563372237 -135293954 -488878889 1622600817 -283645314 -1087460385 -928551046 -34293195 
-0.286 0.393 1.19
1232205861 -1585292 1216112711 616862098 1476794393 2138389203 1680186413 -1513977253 
-0.325 0.37 1.22
1651637564 -44048907 716991815 -1258365637 2056755933 -1216857393 -14295685 -203514253 
-0.485 0.48 1.3
1316707632 1894237526 41831620 1621464369 1242773612 1831908289 2272625 -110838927 
-0.225 0.505 1.1
-1677570969 1238283933 1187742421 -315234110 -1355094823 -824269827 445611696 83394463 
-0.406 0.423 1.18
-982826187 1894470260 -429929404 1690127441 -283661186 -869944631 -2069156748 -445339099 
-0.301 0.609 1.07
1516412326 -939593261 -1209182273 -62985176 -1814834333 -146920650 1260287794 1458526175 
-0.131 0.548 1.16
1740077405 -1787867488 1144449065 1070667743 2055042102 683266497 -2073568791 969126698 
-0.305 0.369 1.21
586216302 -585704966 -306381525 -1798381938 1407048599 -254923834 -14330370 -678455602 
-0.218 0.364 1.21
-512180743 863764149 1073737083 1893080991 -1663197185 -823018821 -458039841 2069269743 
-0.637 0.788 1.3
-619666432 -895291041 307041759 -1939291480 -1870525831 -145082830 1871877637 -2039658062 
0.448 0.451 0.915
-478668097 -1864639449 1732037721 613883215 -1013583426 -499601267 -2086478397 2136770415 
-0.174 0.849 1.15
1748007036 -128557779 163380387 -1840521457 1657655704 -1109777588 1057085939 1129234258 
-1.21 0.55 1.92
-1711231198 -812467745 -1885833841 -2072582100 1439427465 -179426538 2065454266 -1902424098 
-0.19 0.516 1.13
-1172635662 -417945254 -1184098630 270714663 29735847 1058672494 2065221115 -1970339824 
-0.037 0.756 1.09
-1081095853 -466725366 -943533908 -214897035 -411343386 -314586651 -2131811652 2091987500 
-0.808 0.834 1.51
-514224896 -1217410124 142222366 1344283543 1208479491 1062320208 1143441389 -1434088784 
-0.355 0.45 1.07
1689792853 -1621869399 212860395 2052061838 476858245 553337244 2119556539 1200320904 
-0.219 0.45 1.17
1849630045 811533858 1156565557 1937864575 -360843338 1870239977 -2140999693 824308522 
-0.242 0.456 1.13
-1586823393 -256208010 -405117780 -2134913971 -141055682 -15943226 -987017858 -583432339 
-0.109 0.625 1.2
1459059419 -1805820894 -323563909 1070045182 -822215386 1773653473 -1703543854 2097656938 
-1.04 0.321 1.66
-14759656 1707070013 47582429 -450692371 -1061226518 -47994555 64944119 799873046 
-0.146 0.364 1.18
-80503542 -541333547 308150559 1614331836 -1852630017 -147212269 1184554351 -1414460778 
0.469 0.711 1.03
-633672408 -277416491 65799455 1076296488 1350826713 -15025382 1268242299 -1963173229 
0.284 0.308 0.935
-1075921908 -83932196 181860990 1635514621 -1585516677 -1311885 1307518973 -881231723 
-0.248 0.709 1.1
1181562226 567695695 -1346636607 324959715 -1543645620 -1996725540 -1144686537 -698454425 
-0.215 0.469 1.11
-1345893289 -1469177342 -943529423 -620141969 -412564174 1771951469 80470704 136574765 
-0.228 0.505 1.08
-1261508034 -530935215 -2082044763 -764163255 -1708551 -2004695220 -846201382 -2038782169 
0.0315 0.659 1.16
-1740646270 -692464529 -145335105 1764154924 -776504850 -248324633 -874620329 -14346985 
0.0172 0.793 1.11
-1734825949 -944701987 409491918 -1468622676 301607881 -237868522 2065306637 -1898246952 
-0.99 0.774 1.87
-312255653 813421623 -2040640467 -191756371 -845301466 -315254591 -2104820281 2100659750 
-0.0259 0.743 1.12
-487427348 1483942758 2029235833 449401679 844078271 -1027016952 -1235101481 591852514 
-0.277 0.532 1.09
1684763833 2018467664 251455056 831722771 -300557252 238335721 337743219 -128533649 
-0.3 0.553 1.13
1164926773 2028957542 -427826620 632759667 1846991966 242594025 -2074071196 -112133267 
-0.87 0.431 1.62
-234970936 393866345 276242367 2067963807 285154211 -776741838 1131609047 -880312158 
-0.871 0.396 1.74
-1088512297 -1354840390 -1249714242 1126330092 -1241679961 2099235190 -748735832 1605174412 
-0.319 0.359 1.21
-344329394 -54797830 -281182801 818864029 1910447022 -168883241 -30418562 -141588866 
-0.309 0.319 1.18
-135325921 1945057014 -136328331 1757409113 -1086328961 -835857475 -989892774 -168695889 
-0.268 0.712 1.08
-1716999641 -1030111235 1594948895 142052480 361965773 -1871152490 1972968461 -698610288 
-0.369 0.546 1.13
-1072013231 1090030460 179806637 551590814 2019464702 -594533623 2114689176 -2144630204 
-0.296 0.328 1.22
-555016513 1525364350 -151008683 -306320007 -1357386625 -299042903 -2132545710 -244252737 
-1.06 0.805 1.87
-1738369526 1203302771 -1218558545 -1004106196 -1784988689 -685466730 -887458498 -542307137 
-0.525 0.726 1.15
-166208191 926719536 1617562028 -207572291 12335014 1862310245 -2109800542 160006152 
-0.604 0.754 1.22
-1709807514 -866845235 161554059 -1620060146 1407900617 -237345954 2136330387 -958505134 
-0.252 0.383 1.18
-1784177845 -1229204424 -459355987 -426328388 -570460250 -306738731 -1028751954 2099349006 
-0.285 0.391 1.2
1098579752 -160179342 -394384345 883070779 1485223990 1596307650 -450851458 -112815497 
-0.212 0.411 1.15
1281571115 1973870047 -294598449 -1532718040 1221737116 -575259709 704927799 -36303265 
0.472 0.686 1.01
-567571173 -406857771 39600415 1614216824 -1995199495 -13059373 1235119999 -290370025 
-0.645 0.81 1.29
1454552230 -890078083 1563548635 727645434 835935129 -474323018 -347005345 -145330743 
-0.803 0.927 1.55
1526248739 -273613345 511529343 616495144 364022459 -713082217 1863589391 -956674337 
-0.381 0.533 1.12
-1094839742 1220052076 1743984812 1210965724 -1040207362 -779975808 -1694877099 -752809452 
-0.673 0.651 1.27
-553682577 -591426199 213668527 980287484 1316713390 -101030973 977787255 -77368485 
-0.244 0.456 1.13
-1387835493 1639846710 -414031812 -1045295507 -417356482 -586828315 -2064946252 -718690755 
-0.151 0.732 1.07
1908382856 -1821258704 276176893 2013853630 409746309 1194507314 1077084111 734494914 
-0.359 0.624 0.994
-43326 964510824 -263761355 2074638332 -1438935721 -872688407 14334663 1000665662 
-0.265 0.784 1.09
-4453144 -1907327827 411836358 -352110106 49046209 -1544327634 458293187 173832594 
0.44 0.585 0.973
-528966066 1891226751 -1348641655 -1493262580 -1243672153 -801504377 -5547685 -147880930 
-0.0648 0.233 1.11
-27009221 -152071306 -421771051 1622469745 -820516226 -13845557 -928092806 -34563529 
0.439 0.389 0.872
-1671013830 1354485871 -1479258995 -944255955 -1011355154 -383343676 -1947567758 -549601481 
-0.421 0.524 1.02
2139004444 1886636850 -1510538060 1370179455 1657598262 1024041320 -2124291086 856662881 
-0.225 0.593 1.09
-1778937534 670691535 863655339 -837353940 -2114209882 -978069484 -1009093027 1604666503 
-0.7 0.771 1.34
924814672 -1486501232 30016684 1393062903 -1721145568 756140410 1365156841 715460640 
-1.09 0.526 1.74
1491644202 -946472483 -1690552929 8301864 293804937 -215864810 2064930175 -891401005 
-0.308 0.322 1.19
-135326945 -638635274 -422065801 1828712281 -46665857 -399518787 -990941314 -168755281 
-0.359 0.41 1.18
-1197821864 55639097 430311851 -264069186 285024166 1404177686 1527969235 1244595330 
-0.0353 0.751 1.09
-437321644 946563586 -2108692620 1788438485 -1354935242 247320704 -2064928827 1613095844 
-0.419 0.393 1.18
-109404662 335150197 -1216458947 -459915604 -2053686289 -413090633 -1019576378 -543322993 
-0.653 0.625 1.22
1589242149 -385888915 145543407 845544380 1316742058 -101045437 940023159 -1436323239 
-0.88 0.33 1.58
1587854518 -271286291 972054367 423591018 603966169 -10784770 2136300091 -808026927 
-0.263 0.452 1.11
-448049999 2012120662 1114802292 1638931249 -401167238 -1912226071 -2136805596 -1469020051 
-0.389 0.657 0.946
-1988926705 -659847857 -967552882 -1367748707 -275555986 -256502909 -1395963883 -266223841 
-0.321 0.541 1.1
-380944200 1357382180 -755826619 3214107 -334001030 -1974094839 10676674 -2140107905 
-0.685 0.813 1.28
144816231 -891781651 529628495 -1401451512 368511373 -792829034 -6743013 -680047139 
-0.239 0.683 1.04
1693204796 408637975 175613011 943709531 -357182438 -1136795512 -1780356109 1649721207 
-0.475 0.456 1.21
-79963511 -1237464030 1953914557 2040700860 1117731718 -143483677 -2106393657 2063962138 
-0.299 0.544 1.1
-1891148009 816715590 -967056804 -457741191 -281877378 -583159611 -2132070876 -717636035 
-0.187 0.508 1.1
-1139292128 -299531942 -916451914 287369012 -1069335760 2097286002 -1468496331 -1465511888 
-1.02 0.273 1.57
1684765565 1885052796 -285808477 821288275 -27394946 753447881 -1130246662 -109925521 
-0.375 0.437 1.05
1635381537 1970523472 208432481 809636662 408336532 368098010 1613012335 -339574198 
-1.05 0.386 1.69
-378807493 1960564598 -1502327739 548805691 -308828034 -1657488689 -1046459018 -42168713 
0.479 0.364 0.84
-1624056566 -138438667 39602462 1613823676 -1013486627 -14107918 -1028769939 -72262121 
-1.24 0.53 1.91
1912158340 317844580 812948346 1002544543 410392711 1123185827 745709389 -515391040 
-0.346 0.365 1.33
-529532001 -185625602 -290031451 838782813 -11015810 -181660735 -324023814 -240937409 
-0.228 0.52 1.14
-399987864 -414070276 162280834 1344440739 1087081160 901917530 2033222139 1792411728 
-0.245 0.487 1.11
1402043469 -1838973791 1480326009 -20368418 444355717 1660548273 1182137997 633590730 
-0.265 0.379 1.19
-362695845 894145654 -287356561 -190951877 -317355138 -580609329 -1062568522 2113570367 
-0.291 0.389 1.21
1098626873 1979421554 -427864988 -1531540167 -325601218 -1624982847 -2136945290 -102332817 
-0.491 0.471 1.28
-29466914 1379660859 895307455 -131596436 46087143 -12974682 -1960118317 1395480474 
-0.214 0.369 1.22
-126175474 1933359862 -142654019 -978915700 -1247855689 -551249417 -902889538 -710032242 
-0.2 0.63 1.09
-1399320488 441478184 699197731 1917040543 8246672 13648652 1025635795 319742114 
-0.459 0.604 1.02
1454814408 590736587 354885625 1598747566 6956961 1133667632 1263680087 598163650 
-1.09 0.284 1.68
1685814201 1885047668 -285816763 817094003 -296223618 740603849 -1734227470 -109921425 
-0.329 0.389 1.11
-1924948205 -1481723214 -413513412 -524915983 -2062389385 2131073173 -1061542228 -1783036772 
-0.164 0.606 1.18
-379250129 -792053907 -273581951 -1078653877 -292039476 -1804847203 -152963050 -1250906113 
-0.207 0.465 1.12
1154641276 1098297939 183403745 -735712917 -494863304 1250472776 17163634 -2039843997 
-0.179 0.512 1.11
-1387657324 1934238290 -179339212 1369465719 -1408979846 239440440 -2136954924 19439928 
-0.274 0.538 1.1
184601387 -1228236996 -942127033 -1533671255 -853611828 -44713265 -1062314970 -1669816545 
-0.291 0.613 1.08
-1432111716 -124000323 1666833558 6944725 -214467715 1058685819 -324040967 -214602828 
-0.402 0.419 1.18
-659515382 -675744259 894721439 -328819028 295123919 -210629961 -350331121 -542290798 
0.0768 0.708 1.25
-1389655024 -155458794 -1554365420 1077016501 -2129446022 1059100683 -2136234007 -97171403 
-0.0245 0.744 1.11
1137926405 -663793966 -964960196 -1265018927 -32322498 1279103121 69667884 -1339837523 
-0.603 0.621 1.18
-301307527 -398008995 178563271 -265041485 -295786280 -1118164145 965074419 173678202 
-1.04 0.518 1.63
-113658600 -149815905 311180678 539672510 295377857 -1758320366 1931400683 2072316050 
-0.282 0.426 1.18
-1184227566 -423984778 -1487401844 1077120165 -1047053330 -16737850 -2118516380 -616753131 
-0.154 0.389 1.1
-1717427190 1136262621 459098079 -1401504596 -1852621847 -1028506858 1805278559 -420131625 
-0.433 0.494 1.01
1283150668 2020033142 -486570779 1991104347 1779356790 -861035583 203664503 1633989479 
-1.04 0.419 1.52
-1122231848 928370216 432450736 1526962103 7189568 215080040 293135303 168206368 
-0.417 0.399 1.26
-503729649 1543061492 2004844351 -318890084 -1650516993 -802606953 -432382002 -705837857 
-0.815 0.817 1.79
1248488318 -117471905 -1880816507 1346357608 -289150856 -33676478 696330611 -495534221 
-0.167 0.611 1.2
-1066972505 -789894300 -298653559 1068833859 2132272590 -398149751 -1226762220 -1253000195 
-0.144 0.364 1.14
-608654294 -823003811 315365343 1818688428 -1850000695 -210080222 731895631 -293778222 
-0.201 0.429 1.17
443593387 1220072831 1064656351 -1396777940 -1785525825 -717346121 -342204898 -550826657 
0.474 0.686 1.02
-617444310 -944512515 844893535 1143396780 293813193 -11878862 1796888175 -1414199150 
0.00975 0.416 1.14
-924276445 1202779615 196892107 -1569280984 361999305 -776590442 2073320735 -824422697 
-1.25 0.933 1.67
-579625213 937999988 1685997949 -457918276 202849254 -551503693 -1028489434 -1107720162 
-0.459 0.403 1.23
-537174497 -788531530 -153096617 1689780057 -566231169 -29509703 -1062735878 -235865169 
-0.261 0.472 1.13
-405060299 -579919114 -956595419 1354312535 -300429442 -367152615 -2068910864 -1595868243 
-1.01 0.323 1.92
-1685017338 -1883968019 421018526 -1991705972 295902081 -203786218 1801392173 -2104665968 
-1.07 0.889 1.78
-31547742 -289624724 854597535 1261370348 53967819 -137724062 -1409303593 -1947899888 
-0.202 0.744 1.13
-1746552249 -1196848598 -200019522 1876846332 -1652922585 1912592535 -998295028 2097259660 
-0.094 0.672 1.19
1801714492 -61695048 -440644185 -1866414229 -756188612 1030719962 -249182742 -607222149 
0.0849 0.722 1.29
-1704813526 -960826537 -1545845345 -1003041240 -1852589061 -12664954 -879077569 -566424425 
-0.437 0.393 1.17
-303585 -251668554 -421540265 -524812423 -541065345 -30623767 -2135953414 -243990609 
-0.316 0.404 0.893
-535234179 -61416067 145500203 -1337205953 1658624409 -1243995313 1057349051 441064314 
0.223 0.293 0.96
-1614352972 -286888995 1006351966 -1048581918 -479269255 -3147912 1439114940 -1963164683 
0.28 0.31 0.918
-537465690 -286266404 318419807 1232989176 -1417678981 -10487814 1154989695 -1998456331 
0.215 0.908 1.25
530558100 -282661928 1357624310 -217521930 577400441 1070331700 893757116 11041728 
-1.09 0.733 1.66
-1649096702 -407579315 289413023 1294384804 27999177 -246264250 727593511 -1901257712 
-1.09 0.8 1.87
1172510233 2137592370 -429986507 -458086567 -1397281162 -836396879 -2135691482 -34495441 
0.201 0.901 1.25
-1618023068 -295293988 451654526 1393091571 174771833 2144072496 611821308 -1997505560 
-0.397 0.546 1.15
-60368774 1885001237 133614677 -717841109 -1044513304 -1112409108 -1820131333 1602006135 
-0.328 0.338 1.31
-227656033 1894486774 -136853259 565694297 -15209090 -299042883 -1062252550 -713447441 
-0.243 0.88 1.29
-311802436 -394374633 49194101 -264282789 -275522438 -834817172 92794355 -1568882841 
0.0232 0.4 1.08
488091456 656460593 141166908 -1879047442 15219634 2130810898 1091606189 143065152 
-1.2 0.732 2.08
1314081577 -54095011 1794670677 -1263155102 1778575448 1030660813 671161394 -1938112645 
-0.944 0.34 1.59
-611009522 -1615724551 1952430910 -322373636 301432725 -202647501 -293652723 -1282587494 
-0.511 0.718 1.11
-1924168512 1801994780 -1832254722 1085924309 -1402303365 1595381089 93038228 540123196 
-0.328 0.393 1.07
1975321160 393340968 951468010 1535127991 141342339 31681560 1366358983 726040768 
-1.15 0.102 1.65
-1679651702 -809962507 333204319 1748434172 -1783124993 -13697358 -912294049 -668521 
-0.611 0.64 1.22
-571501055 -135683340 -153695372 1757215601 -1674056065 -836249415 -1057018034 -1578049363 
-1.22 0.286 1.76
-1734954878 1127281099 -1186981953 -815622484 -1867826265 -778936778 1801064991 -542161774 
-0.21 0.405 1.16
1696063753 904273716 1215981677 -1517020961 1851524242 205895877 275052710 768314954 
-0.317 0.33 1.25
-227656033 1894486774 -136853259 565694297 -15209090 -299042883 -1062252550 -713447441 
-0.211 0.365 1.19
-436465575 528318117 381615983 2060599199 -1661085849 -1024329571 -973602865 1944450223 
-0.201 0.432 1.14
1170306669 -1202778392 -322966989 1053373907 1853674519 183326409 -1260011804 826471022 
-0.326 0.654 0.989
1709008629 -1739968708 1219668563 450453843 2121057433 180971048 879091608 5438441 
0.532 0.39 0.948
-1620927198 -406931465 -2024256225 1144450664 -946603009 -13714714 -2104590785 -537567723 
-0.419 0.413 1.25
-1674406646 1739641939 323765693 -1004093908 -2121057305 -684553386 186283827 -542309357 
-0.218 0.649 1.07
1378483399 -1231301573 -1114218565 1742658732 1442673543 -201437705 -81954325 2139587590 
-0.0167 0.637 1.14
-260099381 402259245 1068916667 -2711617 -1778402321 -739086425 -1141187629 2068696270 
-0.267 0.726 1.11
-991805060 1240076885 49250369 1916602699 -365198216 -2003455208 92400979 -1569670297 
-1.08 0.416 1.59
-1699303990 -407572005 -1311959105 -730923348 -1846854681 -141931722 2065594047 1336755346 
-0.435 0.415 1.33
-1707950838 1739717745 894324157 -735666516 26950564 -147683018 -887458553 -542309374 
-0.187 0.443 1.1
1488826656 -1625987863 279730498 977811344 -1871045687 1911769627 2119606095 -89767718 
-1.2 0.797 1.82
-1983707854 1135256278 -1034223276 -1003165696 -1860981896 -838551024 1083844116 -2064577867 
-0.345 0.394 1.16
-122509222 1194385691 -1547692625 -664756308 -1846854686 -779990254 -350554661 -894499694 
-0.191 0.635 1.08
-1146103630 -961428017 332554142 1265024004 -784638999 -516206798 1272840797 -88794991 
-0.14 0.373 1.07
1256240430 -810353195 259878155 -1803617240 294886301 -172344682 1871010879 -673296681 
-0.11 0.645 1.25
-1323329968 -1220826446 -200664258 1351099357 -1871964361 1468631347 -1002723672 429998216 
-0.201 0.641 1.08
-1195429598 1337320938 2110847902 191167636 292764557 1355957139 -1099230635 -209235752 
-0.14 0.513 1.1
2083966170 -425945591 279057085 -282746961 -1023675987 -15577752 324991987 707621955 
-0.0989 0.656 1.24
-1331021182 1186505130 -49250370 188976556 -1778435185 -243118826 -344305204 -620280436 
-0.185 0.613 1.06
-1733676350 1270363500 -1076535393 1232514060 369040367 -761114698 -268815530 -683848300 
-0.911 0.657 1.89
529841350 -1346961927 290127806 -817170708 300580743 2006670390 1130313261 -544385920 
-0.187 0.666 1.24
-1153705984 -423902926 -1554362978 1075904501 -784385081 1027246098 -910252051 -81458540 
-0.136 0.651 1.24
1142245877 -196669875 1252174569 857018706 1851581608 684746729 818260085 710032233 
-0.0321 0.529 1.23
1165136410 -566732509 -1351189201 -1263624660 1106746151 -248047226 -1491576490 2131727479 
-0.148 0.579 1.2
-39896896 112322602 -1333895252 2072098748 32405414 1772350721 -2089110587 2030518592 
-0.157 0.703 1.32
-1744684478 1202753867 -2017458770 -870153684 -1779815962 1368787718 1260003472 -567475184 
-0.238 0.483 1.06
1695913033 996224560 1416329573 1938306007 679216277 225554617 1147189965 1631633610 
-0.413 0.411 1.23
-1674388198 1739903059 -1555167811 -1004102100 -2122105886 -281896122 186279731 -542309321 
-0.614 0.641 1.22
-571501055 -135683340 -153695372 1757215601 -1674056065 -836249415 -1057018034 -1578049363 
-1.06 0.804 1.68
-1889296593 -185887754 -413187755 -457249671 -275518850 -12732267 -1064665234 -721907777 
-0.409 0.516 1.09
-608123621 -5336138 -488759274 -457677975 -1399334273 -1622304645 -994064596 -1195835713 
-0.373 0.438 1.01
-533087880 -44839559 161754403 -1874657473 1356184473 1064971034 2099365371 2076607090 
-0.479 0.699 1.06
-719779325 665428594 -227401412 2021663668 -1944113306 1329962001 -1061507380 -1457422196 
-0.507 0.712 1.1
-1924168512 1801994780 -1832254722 1085924309 -1402303365 1595381089 93038228 540123196 
-0.469 0.629 0.997
-1674355454 1740493907 593120700 -1004224980 -2121057306 -281896637 -1961216463 -5942265 
-0.44 0.465 1.18
-915187423 1961348980 1115441220 1689588787 1779873868 -1116423479 10521701 -44786819 
-0.494 0.47 1.28
-331672767 1597615160 1693993455 1889572765 744364534 -576517229 -869597740 1898151960 
-0.363 0.387 1.06
-600662774 1739644273 292441533 -198787156 26426278 -818767498 52066055 -542309374 
-0.282 0.711 1.02
-327976798 1088079221 200296585 540384828 -476073490 -837769272 -1165337549 -680063459 
-0.329 0.742 1.09
-1454187750 -138509514 -413528818 -995980628 -1048102026 -50030138 -1011981148 -1648521673 
-0.712 0.785 1.33
-156058526 -2026570527 964479931 -93864274 364379109 -476946762 -1424064737 -540584830 
-0.683 0.759 1.29
-1265078062 1878279373 464697019 1531230766 -2115125255 -741183636 803206037 247429185 
-0.505 0.552 1.13
1147814847 1887392327 -1879751583 -1264644789 -292060038 -870008884 -2053084810 -696338585 
0.0192 0.775 1.12
-1314019636 466169260 495173406 190457303 493684609 316370106 1962906573 1645570176 
-0.267 0.726 1.11
-991805060 1240076885 49250369 1916602699 -365198216 -2003455208 92400979 -1569670297 
-0.438 0.603 1
-823269516 -397458482 -1431718894 -1278646957 -85861287 418333544 -1109032647 -529073227 
-0.222 0.451 1.18
1065082369 934251058 -463844996 1620109045 221653814 1864734947 -2143637532 -106852340 
-0.225 0.506 1.1
-974678523 -1142356266 -697113740 1838948689 -1137554305 -835323727 -990499316 -1200559891 
-0.12 0.571 1.2
-310518399 938315700 1725581892 1638940083 761214542 -1351238431 -2131824924 -1177495428 
-0.741 0.809 1.36
1517992242 1203295571 603737535 2530856 -1853637650 -147801322 -887464581 -542178077 
-0.971 0.93 1.66
-562110661 -167864714 -419559219 -457770375 -289938562 -315311155 -2136019150 -1654079937 
-0.143 0.436 1.04
-1729908190 -877072049 -1085254241 142003212 -1783424017 -776568938 -275050465 -684389227 
-0.144 0.408 1.06
1032759664 1868615448 165850414 1343522979 1366273512 500431630 1362863069 174522433 
-0.0634 0.231 1.08
-832315589 -152054796 -421639979 1622600817 -854070658 -13714465 -1062310598 -34300361 
-1.13 0.971 1.85
-1145723764 -1886034483 327751454 -882311268 297475017 -1839509966 2111787981 -493532014 
-0.404 0.631 0.976
-1618085306 -1900687157 -1249484882 -834472212 -773167231 1912556887 -10537171 1605194880 
0.0834 0.716 1.27
-1704813526 -960826537 -1545845345 -1003041240 -1852589061 -12664954 -879077569 -566424425 
0.276 0.309 0.925
-537997947 -286364708 316642142 1765402872 -344002693 -3145807 1241460733 -1996915811 
0.478 0.632 0.967
-613330 -318895108 452116287 1381821166 -1317023745 -1313944 -1763737603 -352880427 
-0.451 0.561 0.964
-152899618 -333500021 -1147357389 460058479 -152708161 -206944390 -1076901893 -492341341 
-0.692 0.766 1.31
-1265078062 1878279373 464697019 1531230766 -2115125255 -741183636 803206037 247429185 
-0.747 0.814 1.37
1517992242 1203295571 603737535 2530856 -1853637650 -147801322 -887464581 -542178077 
-1.13 0.514 1.76
1488597196 1399979497 421879807 2020515230 417536929 1387949106 1867571039 -219725358 
-0.235 0.693 1.05
1100035181 -1706917891 405664587 -1101713126 944917649 -1829212141 1979801119 -1235587126 
-0.721 0.73 1.31
1738302205 410062372 1478998648 1531532247 1852622000 47838248 341961685 558084960 
-0.193 0.622 1.03
-1195429598 1337320938 2110847902 191167636 292764557 1355957139 -1099230635 -209235752 
-0.185 0.623 1.07
-1179967360 1252647276 -1287546978 1215360949 -1858389165 1401603122 1840981709 -499826540 
-0.0942 0.634 1.17
-1314144746 1136240050 -141014242 140697236 -1788924993 -217903721 -222685560 1404388508 
-0.196 0.63 1.11
-1313201657 1337533932 860962590 159033492 -1791816705 1086485142 -318896292 -1011529580 
-0.229 0.481 1.1
-1710880481 -1028999533 -942980714 -868881816 -675582984 -31552705 1116432056 -2076608611 
-0.473 0.588 1.06
-366770820 -329846371 567107055 1881866222 1654643416 -1255537826 2140141051 -491383022 
-0.26 0.47 1.12
-405060299 -579919114 -956595419 1354312535 -300429442 -367152615 -2068910864 -1595868243 
-0.358 0.433 1.04
-233703074 -1940726343 145553835 -1236740162 1526224513 -1311028389 2115358875 1049300874 
-0.376 0.438 1.06
1685715000 -262942855 145549347 -1342136513 1087764872 1028664139 958516691 -1169782158 
-0.14 0.56 1.13
-1164193250 1564468915 -146583746 1479210844 -1212186697 1729746227 -968890375 1403082152 
-0.146 0.624 1.11
-1331776678 118553771 965655979 -633160018 300758951 -1064154858 2069559259 1536115840 
-0.792 0.607 1.62
-1634288506 -273224295 969588670 -849152276 283802585 -6664398 2136938169 397245584 
-0.89 0.66 1.89
-1682654002 -1346570775 822476734 -817168660 -1845789817 -205828810 -346089681 -544385902 
-1.11 0.108 1.6
-1679651702 -809962507 333204319 1748434172 -1783124993 -13697358 -912294049 -668521 
-0.818 0.543 1.5
530513092 -281546791 290045886 1531639540 317357713 2077970226 2136946285 -628657776 
-1.13 0.972 1.86
-207768508 -1961792083 411679515 776501206 276502225 -1829026766 2120210127 -1568315008 
-0.362 0.54 1.18
-517139846 865687147 -1080595191 -276423140 -2048944692 -999190643 -738561705 2132542479 
-0.319 0.468 1.05
-1517846799 -26800280 -287643017 2009178723 -428937987 519036905 -1091574084 2100459561 
-0.415 0.52 1.1
-1700089794 -929827361 533026263 745471596 -1851528199 -138788073 2141149019 -163836005 
-0.314 0.585 1.02
-1067715759 -127182314 -431528856 1356792467 -368259982 1706939087 612540656 2083357484 
0.422 0.62 0.95
-1738434773 1940510199 -161723105 -457786360 -1919481217 -685368621 -893756354 -168195041 
0.0779 0.694 1.21
-1704813526 -960826537 -1545845345 -1003041240 -1852589061 -12664954 -879077569 -566424425 
0.0782 0.705 1.23
-1704817126 -960826537 -1487125217 -994652632 -1785218177 -13713498 -879077570 -566391113 
-0.251 0.906 1.34
-327531076 1767789077 49194581 1094318411 -359400328 -1911442584 92794867 -1568883097 
-0.44 0.395 1.18
-303585 -251668554 -421540265 -524812423 -541065345 -30623767 -2135953414 -243990609 
-0.426 0.396 1.21
-310861909 2079939453 -201121 -1514783431 -1380466833 -546981139 -1460404394 -109253505 
-0.394 0.394 1.19
-1707950838 1739717745 894324157 -735666516 26950564 -147683018 -887458553 -542309374 
-0.0166 0.641 1.15
-260099381 402259245 1068916667 -2711617 -1778402321 -739086425 -1141187629 2068696270 
-0.27 0.62 1.1
1508286363 -1217069949 -1217503435 -177816533 -1866605979 -1284007682 -954963537 1593595123 
-0.302 0.625 1.11
519239175 -792817549 -427998229 -1530996628 -1013778114 -477186361 -2097007562 -1750345873 
-0.306 0.323 1.18
-152627553 1928049382 -153104715 1841294937 -1354764417 -835921991 -2064945318 -177084497 
-0.31 0.394 1.23
1853385020 -665363107 180137027 -1271408325 1791424600 -1200086068 956423667 -1973502085 
-0.0323 0.528 1.23
1165136410 -566732509 -1351189201 -1263624660 1106746151 -248047226 -1491576490 2131727479 
-0.0607 0.539 1.23
-1640702942 -425790099 66609055 -851968852 -1042549811 -11392218 1004172823 -562209518 
0.0254 0.406 1.13
488091456 656460593 141166908 -1879047442 15219634 2130810898 1091606189 143065152 
-0.973 0.453 1.87
-331480872 1081734441 316087468 -81748065 -2113948190 -1061976312 435872211 572850226 
0.0062 0.416 1.15
-94238325 1189778549 39715325 1614072489 -921195784 -417294074 -928318025 -2005302857 
-0.423 0.505 1.1
1317380478 -389849779 145093827 -1772103614 -202844984 -1308990641 1065734299 -966906029 
-1.23 0.292 1.79
-1718441342 1203302851 -1287645409 -865955924 -1868350485 -754820042 1805260303 -827503470 
-0.166 0.392 1.15
1106305835 1466801653 142388595 -1261010133 411482716 -757056822 -1416307394 -322269469 
0.533 0.567 1.03
-1351191042 -268471569 872152735 1127677644 -469762049 -272540 -2016413001 -672301257 
-1.05 0.412 1.54
-1698775614 -407572005 831330239 -781254996 -1846838297 -141931722 2069772223 1336755344 
-0.162 0.736 1.13
-121987942 1192355675 308545439 1747099452 -1869399067 -550334670 1327155163 -98221902 
-0.422 0.525 1.02
1832496417 2135351284 141355350 806416563 408070809 1064418011 2016776047 -1462630184 
-0.215 0.778 1.21
367898691 413784618 -1270352450 1860105981 -1652869849 1375722643 -998560948 1963040900 
-0.487 0.54 1.09
1282036670 1893684087 -1409954751 901766474 -426248066 -869489688 -1952355981 -143212681 
-0.307 0.412 1.19
448183370 1202781435 959274411 -701579604 301675431 -139327210 1260025119 -542178094 
0.0186 0.775 1.12
-1315588920 458321293 495435710 1262498198 477693569 315837498 1951765197 1653622914 
-0.21 0.596 1.09
1978979663 -1082319699 -2137605445 -10518565 1006458679 -393525776 -1762657297 870053038 
-0.156 0.748 1.12
2008913985 392293940 1349921149 2038437303 141311622 670170291 1076953031 1774682304 
-0.121 0.571 1.23
-311603215 -1102117076 1727720004 1672552819 -297999266 1013293257 -1863996688 695269437 
-0.266 0.392 1.25
-1782156797 -675499350 -136389716 -805851476 -2046875673 -1064842875 -2097253748 -576064372 
-0.325 0.393 1.06
1975321160 393340968 951468010 1535127991 141342339 31681560 1366358983 726040768 
-0.22 0.373 1.26
-436465575 528318117 381615983 2060599199 -1661085849 -1024329571 -973602865 1944450223 
-0.263 0.599 1.11
-2006753988 -941104689 -940949436 -801256422 -175387656 -1038765110 28189809 -84648907 
-0.149 0.418 1.12
1032804696 73517584 100036030 1359086263 1105995232 502393099 1362813889 1510932544 
-0.193 0.539 1.07
-1538631021 -197423310 -271294403 363267629 -410670794 -48982043 -1607810832 1563137325 
-0.305 0.77 1.1
-6440440 1059179314 1614940478 1621161917 2308919 893638659 -1069897779 -1459290096 
-0.302 0.744 1.09
-395093982 1088079229 200296585 1613028916 -484986388 -854580408 -1165346797 -1686697387 
-0.243 0.458 1.15
1097530902 -725967882 -1484888705 553569291 1972869439 -701712170 -416329858 -674259227 
-0.453 0.586 1.04
1848899947 1700189533 162095329 -1271881798 1289468616 -1109750961 998570419 519706122 
-0.202 0.43 1.15
1170304879 827267808 -327161221 -1227546165 1853148182 -923938103 -1268433882 625145422 
-0.414 0.584 0.949
1687549309 -133740646 1219010642 843674451 -360917987 452543337 1021693945 973224491 
-0.448 0.604 0.999
1833529649 2017674010 -824123322 805392499 -495387560 484307789 1017227761 -1705890967 
-0.253 0.737 1.15
1100035181 -1706917891 405664587 -1101713126 944917649 -1829212141 1979801119 -1235587126 
-0.402 0.629 0.971
-1618085306 -1900687157 -1249484882 -834472212 -773167231 1912556887 -10537171 1605194880 
-1.22 0.914 1.63
-579625213 937999988 1685997949 -457918276 202849254 -551503693 -1028489434 -1107720162 
-0.0218 0.725 1.08
1719361788 1482115941 955624993 999022427 1784521872 149432168 -1117652525 1665579874 
0.514 0.712 1.07
-9724133 -135286826 -966900361 1622601337 -1927812481 -13256455 -2135003268 -118437827 
0.255 0.303 0.845
-537465690 -286266404 318419807 1232989176 -1417678981 -10487814 1154989695 -1998456331 
0.218 0.945 1.35
2140138932 -62444648 1558427190 1502208371 1852501593 1070325368 74819580 -1460470879 
-0.262 0.734 1.25
-498929674 -858378019 196679339 -1770128566 -204614663 -225828018 1065736379 117340147 
-0.429 0.451 1.21
1819873580 1884512116 184412225 540106099 1779940440 208777865 270593367 -229332109 
-0.381 0.439 1.07
1685715000 -262942855 145549347 -1342136513 1087764872 1028664139 958516691 -1169782158 
0.442 0.515 0.856
-1351191042 -268471569 872152735 1127677644 -469762049 -272540 -2016413001 -672301257 
-0.195 0.538 1.07
-1169990625 1353381123 -942587204 -374088131 -270587610 -130284123 -1461032553 1428944703 
-0.729 0.798 1.39
-1751471038 1203562724 324740922 1246145196 32190435 -478086090 723433125 -1970323328 
-0.122 0.567 1.23
-157855411 1566443169 1157090033 -5638145 1786541204 -1466244119 -1738147101 836940682 
-1.12 0.106 1.61
-1679651702 -809962507 333204319 1748434172 -1783124993 -13697358 -912294049 -668521 
-0.78 0.845 1.46
-1129140222 1336993019 -1317515845 275185196 295123911 -1013838954 -350587333 -542686060 
-0.459 0.501 1.13
1897755585 271682920 2088065195 2143393694 1583626630 1370641603 -362759995 -1325170360 
-1.23 0.286 1.77
-1716342654 1136194891 826283455 1298570924 -1850525273 -778936778 1801064461 -550566768 
-0.92 0.31 1.74
-1685017338 -1883968019 421018526 -1991705972 295902081 -203786218 1801392173 -2104665968 
-0.439 0.513 1.14
1757018477 -1084760647 1303181379 -1304191590 1560141469 368732891 2114313707 1540012634 
-0.358 0.426 0.998
1685715000 -262942855 145549347 -1342136513 1087764872 1028664139 958516691 -1169782158 
-0.261 0.467 1.12
-405060299 -579919114 -956595419 1354312535 -300429442 -367152615 -2068910864 -1595868243 
-0.316 0.588 1.04
-2144603787 -126925228 -2033294240 1882854995 -300888968 204772297 75735281 2088153897 
-0.0311 0.242 1.26
-832307909 -118516874 -419674025 -1531589255 -292034434 -13847605 -1465660110 -109924737 
-0.0326 0.238 1.14
-832307909 -118516874 -419674025 -1531589255 -292034434 -13847605 -1465660110 -109924737 
-0.324 0.693 1.07
-136384748 -60323178 40875382 1078485879 -630530439 1066137722 1165469693 -1964182751 
-0.211 0.368 1.22
-201671094 318503989 897469951 -254361681 285162471 -476006249 -1011155505 2135803270 
-0.354 0.418 1.07
-1473629839 1750306076 229205198 276482230 1867229656 500310990 2014022129 1383271000 
-0.317 0.382 1.07
-1743353142 1186562123 -1287252034 -853375316 -2115290137 -184398046 -883281004 -819133422 
-0.426 0.4 1.28
-651119989 402193525 1970691389 -325181780 364321703 -671892297 -1019576497 -7371634 
-0.063 0.556 1.3
-1196111838 -829358739 430970783 -852181844 33231817 -179164378 1004164759 -1902289838 
-0.0335 0.532 1.25
-261949158 -994519731 -2081006161 607575816 -975717906 -785249338 -1348773869 -542177769 
-0.114 0.676 1.28
-115632592 -686562382 -212333289 1344837431 277289941 -1757374438 -407189557 -1146861392 
-0.146 0.661 1.2
-1744684478 1202753867 -2017458770 -870153684 -1779815962 1368787718 1260003472 -567475184 
-0.207 0.676 1.14
1404697920 -1347957603 411972986 1801237652 1500010401 1912301938 2120161005 1787121792 
-1.19 0.336 1.75
-1726571262 666170579 290068413 -853098836 -1850524701 -686581710 1130001965 1336755346 
-0.176 0.547 1.11
-110204248 -789016211 -1477175609 1081592105 -946362258 -783928114 -1583101626 -1971536521 
-0.453 0.562 0.967
-152899618 -333500021 -1147357389 460058479 -152708161 -206944390 -1076901893 -492341341 
-0.595 0.623 1.18
-538606811 434866740 -162037410 1824317905 -1640076193 -571477861 -991445428 -1578071394 
-1.06 0.313 1.66
1684765561 1886117492 1862192225 817071923 -300487554 1823781833 -2136740365 -110709905 
-0.931 0.441 1.79
-130154278 1081667627 869735853 1533190031 -1863346718 -1065105652 -1686441517 53281200 
-0.41 0.634 0.985
-1615857082 -1968058037 -1517355602 1649141484 -1779734587 1912555782 -1152436657 -14342640 
-0.429 0.6 0.989
1687549309 -133740646 1219010642 843674451 -360917987 452543337 1021693945 973224491 
0.029 0.767 1.11
-1330302772 38890889 430030827 457806750 292098433 13788434 2119881673 1644642762 
-1.15 0.519 1.79
1488531596 1542585829 405102591 1013751198 410196865 1387428915 1867702095 -205043246 
-0.223 0.588 1.05
-1133027652 -144736379 536768213 1596665679 583984731 -1372194948 357889011 1994718690 
-0.292 0.321 1.2
-555000643 1489736062 -419575595 1689644409 -300423042 -1104238679 -2002522766 -177143937 
-0.153 0.387 1.15
1491664043 1257897341 -1619204517 752344104 362002847 -738298202 -1357161121 -11014697 
-1.07 0.384 1.63
2036525867 -151347843 234638575 -1263105877 1305979598 -34198578 -1156383370 -547447713 
-0.301 0.408 1.16
448183370 1202781435 959274411 -701579604 301675431 -139327210 1260025119 -542178094 
-1.03 0.361 1.69
-932005590 -436675075 729578959 -1602839512 -778585106 -179160362 -340895425 -536932777 
-0.221 0.504 1.06
-1530494145 -59107693 -942493389 -1874973879 -141177473 -905063524 -942714950 -1934968913 
-0.233 0.686 1.04
1454009059 351018341 1563868923 1062701218 476343433 -1062013724 869603847 -849675062 
-0.222 0.589 1.16
-1172661940 -952641367 353131950 1080198828 1357775779 -214300329 1327429099 1521309338 
-0.41 0.409 1.22
-1674388198 1739903059 -1555167811 -1004102100 -2122105886 -281896122 186279731 -542309321 
-0.419 0.522 1.02
2031728929 -1978380 141322614 805368242 1481779864 1030994451 1748340589 -1429075752 
-0.442 0.397 1.19
-50626913 -83896330 -421605801 -457179271 -1348469889 -13322261 -2001735686 -244252993 
-0.44 0.485 1.02
-982296165 -189835706 1649590909 -457894279 -367592074 -332025407 -2136594379 -1386106065 
-0.303 0.745 1.09
-395093982 1088079229 200296585 1613028916 -484986388 -854580408 -1165346797 -1686697387 
-0.72 0.725 1.3
1709138165 410070564 1488435808 994661331 980206737 16381705 341937107 591590368 
-0.294 0.586 1.12
1096820585 459358150 1307567223 970858707 1047432792 285080284 882976846 1146285927 
-1.03 0.534 1.45
-31270613 -153365171 268192967 -1539842776 -946357300 -42849329 -1148036749 -8643245 
-1.02 0.9 1.67
-745425596 -1890488899 403258138 172521430 276504465 1408981010 1981126349 579291280 
-0.266 0.712 1.08
-1981242841 -1969571844 -1617068193 217991296 -1785231139 -1838188898 -6726130 -715600483 
-0.407 0.512 1.08
-1708000913 -665594547 228940939 -1267737554 1475607516 -235248689 2047695259 -702669030 
-0.34 0.686 1.03
1833386293 1480739604 1256906854 -258387629 -25367432 476427145 346156176 544385901 
-0.766 0.796 1.41
-316945152 931122996 544869516 1075884983 1746876886 521181248 1076276717 -1425700848 
-0.163 0.464 1.2
-1713261662 1203290575 -1219463906 141986956 -1785512977 -772374890 -342224884 -541782891 
0.436 0.631 0.982
-1738434773 1940510199 -161723105 -457786360 -1919481217 -685368621 -893756354 -168195041 
-0.175 0.627 1.15
-1458810672 1012483596 126246020 1261117399 -444754592 341018440 -706026541 1379665968 
-0.486 0.44 1.44
-642206837 -1614940673 1999928607 -329335124 295115719 -244094825 -281126577 -544383842 
-0.354 0.381 1.03
-1674406646 1739641939 323765693 -1004093908 -2121057305 -684553386 186283827 -542309357 
-0.666 0.749 1.27
-1088453360 1866317970 30016940 1075897013 -1788271710 1561561426 1092527337 178586240 
-0.194 0.638 1.04
1404697920 -1347957603 411972986 1801237652 1500010401 1912301938 2120161005 1787121792 
-0.312 0.372 1.19
1668937533 -35660810 1853746263 620649819 2056772126 -1116947745 -450507410 -203514241 
-0.304 0.369 1.2
1618016062 -44082186 -281220053 -1798382321 1926617918 -34850098 -148513286 -707879313 
-0.143 0.565 1.16
-121923305 -765737294 1725090102 1881257748 -602537995 2117196763 -994070823 2066063545 
-0.12 0.566 1.22
-157855411 1566443169 1157090033 -5638145 1786541204 -1466244119 -1738147101 836940682 
-1.11 0.108 1.59
-1679651702 -809962507 333204319 1748434172 -1783124993 -13697358 -912294049 -668521 
-0.726 0.698 1.35
-124277400 -417993251 413703659 2069951294 275445665 1972529938 2069346041 -1427683120 
0.546 0.389 0.982
-1625039102 -138492937 1180191007 1144319660 -1055425537 -14640397 -1029800404 -575594985 
-1.1 0.692 1.91
1164541741 -126937354 -293802911 -1331737255 -31994818 -826428735 -1532662402 -246237329 
-0.228 0.673 1.01
1454009059 351018341 1563868923 1062701218 476343433 -1062013724 869603847 -849675062 
-0.0654 0.556 1.31
-122372062 -808387203 465057167 -1905477458 301700041 -783144162 2145309343 -1898095406 
0.0165 0.418 1.13
-887961338 -323058819 -2106061809 1143918124 -762921986 -49628346 -342961091 -1885005035 
-0.315 0.374 1.09
-815032567 -1108376906 -429963196 1622697329 -283161986 2100140243 -995218074 1911593535 
-1.08 0.312 1.69
-327460039 1961854838 -420198299 1907613043 -300484482 757380041 -2002720398 -109921665 
-0.636 0.734 1.24
-1147173824 1202775433 298523582 1214837428 292502465 864177426 -881133879 -2086319984 
-0.202 0.362 1.17
-231587890 1404763379 1971277247 -991494228 295648167 -139851370 -885326370 2007877510 
-0.191 0.519 1.14
-1105540064 -298350246 -1990195532 287893367 541309887 1058179954 674793205 -1700327376 
-1.15 0.283 1.66
-1716342654 1136194891 826283455 1298570924 -1850525273 -778936778 1801064461 -550566768 
-1.18 0.552 1.9
450932538 -942229025 268174735 -1804163026 1438903177 -11916514 2064930106 -824287529 
0.0286 0.763 1.1
-1330302772 38890889 430030827 457806750 292098433 13788434 2119881673 1644642762 
-1.04 0.484 1.62
1375563973 317811820 2016803835 1002806686 443963783 1089631395 -1368155321 -246943296 
-0.353 0.42 1.07
-1473679052 2017693468 233333766 270063095 1868409048 492315467 1008846321 1917979216 
-1.06 0.377 1.6
2020800555 1744362869 225725677 -1808361042 81210318 -548000058 -1424827033 -548500386 
-0.339 0.402 1.07
-1592913848 292138528 92755372 1510082519 477955204 13865240 1349710791 1376354344 
-0.182 0.381 1.15
-1998375122 1605957119 -1218654833 -1938314100 -1785250865 -1024050281 -274836161 -675983713 
-0.152 0.385 1.13
1491664043 1257897341 -1619204517 752344104 362002847 -738298202 -1357161121 -11014697 
-0.155 0.371 1.23
-616895474 -822348459 308032287 -1401103428 -1726800903 -147128782 1872748399 -1426237037 
-0.122 0.508 1.18
-517489375 -676730924 1180363086 1614134448 -1726792755 2085730963 1623133229 -1158592295 
-0.0952 0.514 1.2
1316968949 -1203288563 178703585 1930786675 1786311776 746284009 415624051 1751429923 
-0.295 0.402 1.14
-625756154 -944179717 859069343 946789932 299047843 -247829738 -283222501 -542685805 
-0.489 0.665 1.11
1599663264 -389899426 1249124438 565561651 1782753306 1061957218 958499174 -2008376463 
-0.433 0.65 1.03
-1473547822 1477676346 -372733778 1893848758 -1050723850 1606419339 -1205099375 992150040 
-0.476 0.734 1.08
-1245520181 389584082 -146619974 -1024291187 -1782878810 -1030431243 -1062312514 497628332 
-0.415 0.512 0.921
-1107035361 -125135491 -808335202 -2139894099 -946345508 -37092401 -1448390224 -717668580 
-0.21 0.438 1.12
1608456525 946800230 1147584625 2006020989 -298654090 1844572897 6335095 811639598 
-0.302 0.621 1.11
-1699832794 -945818150 872243103 427736144 -1827415059 1933208502 -539091333 -671786539 
-0.213 0.581 1.13
-2009693622 1865535547 562846895 -681408852 15671778 -643690682 -1358269989 1596785682 
-0.196 0.725 1.09
1441538123 414833226 -1840777746 -355301735 -1652875994 1375198338 -990172345 1611235622 
-0.463 0.569 0.991
-152899618 -333500021 -1147357389 460058479 -152708161 -206944390 -1076901893 -492341341 
-0.216 0.478 1.07
1743589341 946809350 -1034968476 1788436945 -293813198 720229576 -2065174714 544273191 
-0.24 0.492 1.16
1198443741 -1192295930 -2100418956 1673093489 -299187080 799913320 81996662 678490925 
-0.133 0.538 1.06
-121923305 -765737294 1725090102 1881257748 -602537995 2117196763 -994070823 2066063545 
-0.157 0.596 1.14
-278215398 1744691283 -2089941703 1412869929 -1919710406 -853239790 1100639591 -358103385 
-0.454 0.523 1.11
-1357970667 820710916 1188282468 1622753779 -281172868 225816777 -2132104508 1886497581 
-0.503 0.534 1.19
-415016675 1886000757 1180420129 -189672611 -300618638 -837250871 -2069631566 -1318013137 
-0.281 0.629 1.21
-1899325774 1871853399 -1210773739 1160691040 -1516791171 -550912196 -1013286982 -541324105 
-0.732 0.834 1.31
1479720208 1737722137 149685711 69658798 30030728 1024600922 2065355961 -1364784560 
-0.305 0.708 1.02
-1170566482 1236844908 -1083089526 192863388 361961966 -779995498 -369491620 -746648099 
-1.18 0.425 1.8
-328574926 1994376030 -1411619755 1614224691 -1055409682 -1084179512 -1179988493 -76244875 
-0.154 0.604 1.22
-1247073246 384427357 123522438 38964400 -2060211256 -1577918833 -1449495097 -629928824 
-0.271 0.361 1.17
-2048656561 -1225845526 -409016149 -422138211 -805443802 -525903403 -2031125186 2108274223 
-0.733 0.735 1.33
1704800468 441544224 413383280 457257943 946656661 13759528 342993865 591815136 
-0.0275 0.274 1.13
-983329905 837751526 -430552995 -457298872 -289960834 -836390699 -962429378 -168775889 
-0.174 0.693 1.26
-1307317736 -161817231 153107883 -1878489297 1086692262 923798350 2064700915 -637074430 
-0.649 0.591 1.22
1684762939 1887065719 1727981665 -1263067845 -308966274 -868895795 -2086470285 -545347985 
-0.369 0.589 1.03
-1195722604 -894327482 928012062 141285525 -1791800837 865760822 1870333900 -769426979 
-0.991 0.519 1.38
-294005973 -35662467 -302232241 616455611 1301781470 -42718513 -1163854489 -2843041 
-0.331 0.671 0.996
1833386293 1480739604 1256906854 -258387629 -25367432 476427145 346156176 544385901 
0.426 0.623 0.963
-1738434773 1940510199 -161723105 -457786360 -1919481217 -685368621 -893756354 -168195041 
-0.153 0.42 1.15
-1665769894 106495017 902717423 -567828818 300758947 -776778490 1532655251 1596802434 
0.0785 0.714 1.27
-1704223710 -960761513 -1277671521 1077337120 -1852589061 -12664922 -1952835969 -558543467 
-0.38 0.447 1.04
1383324971 -155724301 1148995965 -1264281800 1477606077 -13584173 1108778031 -1109192101 
-0.43 0.454 1.13
-1989802178 1135096790 -1210129131 -860410871 -1248882818 -700081476 -979745506 -721630025 
-0.296 0.757 1.26
-1148098553 -844594230 1119924502 -935230572 -1742598837 -800369150 1822393996 -2010572391 
-0.256 0.628 1.17
-1632134070 1739944523 -1277501507 -819708052 -2114193425 -315368656 -2082852259 -14324605 
-0.126 0.509 1.2
-1417563103 1604888564 1415170318 540569844 -1122825251 1599191699 -927327123 -1175369060 
-0.267 0.607 1.15
-1712417230 -342265321 -1210681577 1236143178 -1784700931 -681183426 -673570086 -671871817 
-0.791 0.843 1.45
-1439918318 2040186168 -1211032188 1093292021 -1583377922 -1655045254 -576011791 -743110091 
-0.675 0.747 1.25
-1373724910 1731757370 601492908 1075877813 -1050723354 -50099888 -885071367 195363344 
-0.103 0.53 1.27
1278991713 -1085845836 1156202564 1890594963 1813571152 1064413657 1409662177 821078616 
-0.0626 0.553 1.29
-256868230 1330675085 464073999 -1637050098 300651465 -1847907554 2140528027 115084499 
-0.361 0.648 1.22
1521418214 -308912659 1035296411 528481386 1945490333 -206936066 -1084925381 -671186989 
-0.375 0.598 1.06
-1452505196 -1415928902 -207995636 1637363415 -246605874 491063742 -709918232 27084981 
-0.332 0.65 0.986
1976381153 54602540 -1196247183 466952339 207938571 180745256 880118468 139655397 
-0.935 0.275 1.34
-1718441342 1203302851 -1287645409 -865955924 -1868350485 -754820042 1805260303 -827503470 
-1.03 0.362 1.69
-932005590 -436675075 729578959 -1602839512 -778585106 -179160362 -340895425 -536932777 
-0.156 0.373 1.21
-608506838 -822479539 39598047 745986988 -1850524711 -210043390 1872715599 -1434625902 
-0.31 0.35 1.07
-294004805 -52487298 -290109235 834559355 1868534142 -43244565 -1138566670 -103637377 
-0.18 0.563 1.15
-1743578573 1118349174 1985145373 -860546548 353807854 -570310783 -2112211312 -2060362339 
-0.304 0.331 1.26
-554755265 1492072164 -419443881 1824386393 -1355288961 -365956167 -2131759246 -168755273 
0.428 0.624 0.968
-1738434773 1940510199 -161723105 -457786360 -1919481217 -685368621 -893756354 -168195041 
0.481 0.374 0.865
-1625039102 -138492937 1180191007 1144319660 -1055425537 -14640397 -1029800404 -575594985 
0.367 0.37 0.732
-1628824930 1354403943 -1487548771 -810037656 -944244242 -400115836 -1949665002 -683819201 
-0.656 0.598 1.23
1684762939 1887065719 1727981665 -1263067845 -308966274 -868895795 -2086470285 -545347985 
-0.165 0.614 1.33
-384092639 1449764208 1685637414 1893832497 -1674069028 945003147 -1598386739 -1189052392 
-0.319 0.417 1.22
-793069306 -944705025 590879151 677699116 -1852621917 -251516138 -283241445 -1884339052 
-0.146 0.722 1.06
-1106078374 1729160219 837354937 -803029204 -2132167774 -7173354 1260058579 464471058 
-0.216 0.781 1.2
-2144705834 1214976268 718613741 1023377932 -346055320 -794421368 -1115025199 -466151675 
-0.412 0.548 1.18
-294499978 1222279484 -1950809971 1346228207 -413158946 -112581814 948697297 6335317 
-1.15 0.296 1.68
-1744662766 1740419539 -1219885668 -1004098004 -2055001114 -16606858 -1013041608 -559068144 
-0.291 0.365 1.15
1684796219 -169897102 -268637147 817254267 -308823746 -584795187 -1062875654 -43604369 
-0.271 0.362 1.17
-2048656561 -1225845526 -409016149 -422138211 -805443802 -525903403 -2031125186 2108274223 
-0.276 0.534 1.1
1332040997 2045712212 1180909652 -1524804495 -300758948 2105389801 8457765 -59593905 
-1.04 0.375 1.57
-1204111358 1744362869 427052525 -2143904596 93793198 -686670650 -1424859897 -816903084 
-0.32 0.352 0.92
-651119989 402193525 1970691389 -325181780 364321703 -671892297 -1019576497 -7371634 
-1.1 0.409 1.65
-1388705456 928632636 31335588 1073944503 22000584 525441352 297461189 1510279216 
-1.05 0.487 1.59
1907995689 863105012 406317919 943994258 408305309 376569019 1949409103 -205076272 
-0.522 0.565 1.18
-831825098 2023703166 -1560376188 1622527345 -484969090 -333143096 -2002080400 -244008075 
-0.348 0.528 1.15
-1162104826 -1028004625 -1290447473 1785650844 -1850008665 -239989485 -342224803 -206238316 
-0.442 0.508 1.14
1374248993 275357540 -596119173 1020528049 473041942 1375073411 1613830215 -196900531 
-0.205 0.428 1.08
-973909478 1954222706 -1568799431 -192667875 -1466458762 -869951360 -2135232682 -1473805785 
-0.199 0.402 1.09
439532715 1740166523 1048332751 -1531519960 -2049819729 -550096969 -350593986 -550826785 
-0.249 0.463 1.18
-2056304365 1991049766 -1034263956 1706371741 -281070226 -869951295 -2131088716 757198893 
-0.708 0.789 1.36
-1088453360 1866317970 30016940 1075897013 -1788271710 1561561426 1092527337 178586240 
-0.186 0.598 0.926
1354211654 -1920635715 403422571 1850537158 426270353 -1061455853 2120169145 1686469312 
-0.192 0.451 1.08
1861971133 1214667349 712884849 880802163 1779887160 715961965 151367031 -1971651741 
-0.117 0.67 1.24
-1408771078 -178272853 -1349104507 1428346735 -423644826 -1657664647 -605097485 2074381874 
-0.236 0.474 1.19
-1379450541 242092578 -1018502611 -760143267 -281025226 -939159483 -2066750284 136443692 
-0.123 0.65 1.27
1325103731 -736144342 1827950251 1988613692 -822216218 1773275077 -1708720653 2133243402 
-0.188 0.595 1.08
-1489437680 1893453620 -1919390716 1252791 1163737374 1062251464 -1339374111 -83424676 
-0.16 0.589 1.03
-1542827816 525683724 432434724 1482856343 -1958898240 13833288 368763859 1511823408 
-0.0629 0.234 1.1
-832315589 -152054796 -421639979 1622600817 -854070658 -13714465 -1062310598 -34300361 
-0.0893 0.632 1.23
-50341309 -1250065300 1987206075 1940930557 -851446297 -172798479 -1057047681 2044829724 
-1.15 0.572 1.62
-344418901 -1109450764 -1619173025 547257819 798464863 -1619185413 -458891929 -237990281 
-0.163 0.453 1.18
-1691988338 -1027934923 -1219010657 -843592532 -1751958545 -49619802 -1009102329 -583180906 
0.0146 0.411 1.1
-887961338 -323058819 -2106061809 1143918124 -762921986 -49628346 -342961091 -1885005035 
-0.448 0.497 1.11
641881919 1884165717 -805312415 -1801500597 -293278596 -1940016435 -2069762638 -1803896977 
0.0255 0.403 1.11
455248130 -818249296 23596350 1881981612 -796247050 2131400722 -1023273948 -1935342000 
-0.217 0.453 1.09
-1513928365 91163378 -1035296724 1922114229 -549786330 1753585729 -2138133324 673297316 
-0.224 0.437 1.04
-671134975 296715814 -1034289108 1622227965 -851479194 -385509183 -2132135964 690090540 
-0.258 0.475 1.07
1171608781 408960548 1551100537 -7007781 980173843 1256322209 74578564 625734090 
-0.531 0.629 0.962
-1138861862 909935658 -507376972 1126291197 -1057115674 756256104 -2131041327 455421952 
-0.273 0.463 1.16
-144749551 913214996 1115294324 -508488777 -367613318 1866841321 10661796 -1469016019 
-0.458 0.403 1.27
-646015478 402259188 -1218556611 -527024468 -2053162001 -949897034 -1011187890 -7500658 
-0.477 0.447 1.42
-642206837 -1614940673 1999928607 -329335124 295115719 -244094825 -281126577 -544383842 
-0.283 0.332 1.2
-839951553 -571533572 -420034089 1790311801 -583537026 -391646327 -2132283526 -168756481 
-0.475 0.431 1.24
-29434166 -155454415 895376831 1629937324 1103066023 -147190362 -876970045 1596802834 
-0.466 0.406 1.25
-713122038 939130613 -1218556483 1637236412 -2051065882 -815687500 -1006960658 -5405562 
-0.133 0.348 1
-616895474 -822348459 308032287 -1401103428 -1726800903 -147128782 1872748399 -1426237037 
-0.173 0.403 1.21
434843947 1203371493 -1619198117 754433032 361970639 -1057555818 -1420140713 -536912673 
0.0288 0.745 1.12
-130483138 -896338611 193740687 -2140152786 1407941577 -1317393650 2132367195 -367714352 
-0.339 0.387 1.18
-815032567 -1108376906 -429963196 1622697329 -283161986 2100140243 -995218074 1911593535 
-0.362 0.368 1.25
-327427073 -119596242 -290166067 2009058683 -295702146 -13883415 -1125914126 -109920385 
-0.692 0.708 1.26
1905637080 -2028934999 950157243 457750446 283907975 1908624690 2002572235 730284162 
-0.125 0.503 1.19
-876582218 -926277266 -68078965 -1898067896 -739784341 -204577234 -276082658 -2072330377 
-0.512 0.474 1.31
-1204152866 1268315867 936300477 -853017012 -1313096713 -567112908 -888506469 -684890957 
-0.381 0.444 1.08
1096822057 1206434773 -1837211299 -1399453653 -1659721110 -565856066 26238502 -1931817777 
-0.33 0.619 1.13
-1631586138 -325630484 -1179592742 176159988 1400076701 1941596134 1062018681 -629703727 
-1.11 0.746 1.66
-1813467386 -1094737678 -413655621 1291841516 -675845193 -208774958 -273738132 -643434604 
-0.213 0.67 1.12
-1601064595 -1988961027 1216997867 -1303847778 301751697 -2097525929 2099598783 -460970368 
-0.426 0.554 1.21
1533256871 -102500364 1383451479 -1380060848 -1173206951 -562253133 -326820307 -453973033 
-0.302 0.406 1.14
-1195660542 -944651778 590880142 6594092 -1861010453 -754840810 -348253091 -1952120683 
-0.356 0.542 1.1
-530882187 1078709084 183608521 275104279 2047257978 -598428856 948148369 -2141058203 
-0.197 0.401 1.08
439532715 1740166523 1048332751 -1531519960 -2049819729 -550096969 -350593986 -550826785 
-0.124 0.636 1.24
2084272333 -725900182 1685375144 1004642236 -612402778 1754417027 -2010470059 -1155288760 
-0.284 0.498 1.38
-671134975 296715814 -1034289108 1622227965 -851479194 -385509183 -2132135964 690090540 
-1.08 0.375 1.62
-1204111358 1203305781 293080494 -1071210836 26426278 -183355114 186307975 -819002288 
-0.489 0.587 1.09
-634128101 -459812577 717767903 -1536894802 1393719722 -38130873 2064636089 -299688110 
-0.211 0.621 1.09
-199370660 -1571497176 1619194540 -352239873 603813251 1012092269 293598171 990715936 
-0.297 0.623 1.24
-1846768125 133741556 -1218545793 1234578563 354822891 -731513674 -1051582642 -555889460 
-0.135 0.599 1.29
1842906985 -1136050636 1685891411 1956148219 1008471638 525154475 -734920722 692617918 
-1.06 0.325 1.68
-327427911 1952159606 -285980667 1907498811 -300435330 -1657751607 -2002589197 -109802945 
-0.13 0.573 1.21
1842906985 -1136050636 1685891411 1956148219 1008471638 525154475 -734920722 692617918 
-0.151 0.576 1.21
-346474967 493430136 1685932374 1889014705 -1676277154 526882443 -2135782076 -1453293028 
-0.218 0.49 1.11
1707206493 -1135732042 -528506767 -1260903989 -26426314 250474713 -995754578 617805415 
-0.145 0.55 1.13
-346474967 493430136 1685932374 1889014705 -1676277154 526882443 -2135782076 -1453293028 
-0.642 0.729 1.24
-1113665832 -1504837078 25335472 -746511377 -831724254 780389740 24568736 136949792 
-1.06 0.472 1.57
1912089656 309423920 419344241 406927251 407673897 183630890 1345384399 575062496 
-1.22 0.517 1.88
-239585272 309980192 276217726 943830943 402996103 1118895122 540205007 -1559772736 
-1.21 0.301 1.77
-1908224237 -406941610 -405127036 -995710423 -946347154 -49902780 -1951521744 -591815105 
-0.841 0.461 1.33
1354277930 1202846175 455947674 675724684 293804937 -739083758 1864160591 -226013997 
-0.886 0.423 1.65
-74140978 -1673986583 -1254678593 -548743220 317674471 -237279946 -279776369 -743451246 
-0.0855 0.624 1.21
-6825399 -1208218524 1683102650 -475987971 154631655 -510469951 -1996554587 -1449021428 
-0.237 0.845 1.36
-1070959908 1358565709 1858543725 -537558776 -70280088 -1064036408 797575634 108771087 
-0.437 0.652 1.04
-351571368 1881901874 -321181660 -257845353 -337658762 478255049 -2136300076 824410924 
-0.213 0.381 1.29
-2005747953 1404744954 -136491585 -991494516 -1851835401 -677246025 -894798402 -676772194 
-0.149 0.486 1.23
-1731942906 -877911570 -208061537 -805508404 -1317039137 -766557386 -2157028 95505813 
0.451 0.647 1.02
-1679673845 1404613111 -144947873 -1393062904 -1785255041 -768164201 -358998498 -579220321 
0.465 0.369 0.838
-1625039102 -138492937 1180191007 1144319660 -1055425537 -14640397 -1029800404 -575594985 
0.0132 0.407 1.08
-621635030 -671967787 175902047 -1535837912 277003005 -215336298 1804885055 -733449 
-0.209 0.543 1.11
1526210342 -1868566282 -1501707118 687336945 -635995569 1785602711 -911929490 -245564451 
-0.209 0.553 1.19
-1786708413 -1615064850 -413377781 -287950676 -1649061977 -511223609 -1543619026 -577121138 
-0.322 0.377 1.11
-311697511 -1116765450 -430028716 1622306161 -300423554 -1087522567 -995758746 2045819455 
-0.144 0.614 1.33
-380066295 426360628 1954490711 1956168671 1007946775 390968458 -467534394 -1580692930 
-1.01 0.399 1.51
-1138878016 661703712 289541548 1126342591 33503142 1276287348 192606673 1269628928 
-0.69 0.664 1.29
1815341432 -406594211 178790603 -1268475602 1087027944 -1112396982 990043321 -1436087725 
-0.633 0.475 1.75
-113336822 939121844 -178889283 1620459452 96416743 -412902218 -1006960658 -611482482 
-0.514 0.607 1.15
-634128101 -459812577 717767903 -1536894802 1393719722 -38130873 2064636089 -299688110 
-0.644 0.679 1.44
-1372366533 -526986913 184107201 -1606951810 -476841480 -1119968435 730547505 -562348161 
-0.444 0.429 1.31
-642206837 -1614940673 1999928607 -329335124 295115719 -244094825 -281126577 -544383842 
-0.253 0.464 1.16
-447259575 912918068 1146781740 -525257827 -398691034 -871262063 -2144665624 690598030 
-1.15 0.338 1.84
-327427911 1952159606 -285980667 1907498811 -300435330 -1657751607 -2002589197 -109802945 
-0.271 0.457 1.14
-48804599 913223188 1080689396 -182356993 -1475698056 257005673 4386725 677967914 
-1.1 0.312 1.71
-327460039 1961854838 -420198299 1907613043 -300484482 757380041 -2002720398 -109921665 
-0.322 0.372 1.18
-327427141 -186707146 -285808555 834100603 -283659906 -1624393751 -1868183054 2037431935 
-0.18 0.633 1.18
-1743062438 -944713541 -1282796114 -1033724244 -1846987801 -679343786 -82168358 1336738836 
-0.373 0.44 1.05
1096822057 1206434773 -1837211299 -1399453653 -1659721110 -565856066 26238502 -1931817777 
-0.145 0.475 1.18
-1731942906 -877911570 -208061537 -805508404 -1317039137 -766557386 -2157028 95505813 
-0.155 0.468 1.1
-1851410905 1807232493 1436138443 257703052 897255373 -757368650 -153149937 -1747759908 
-0.295 0.39 1.23
1768658873 1911264118 -427930507 615910681 -325601154 -1624982787 -1063072398 -235630977 
-0.284 0.337 1.2
-320078981 2110722814 -421738297 1660341563 -46142338 -911758389 -2001737350 -101664129 
-0.524 0.511 1.28
-1151299958 -1481049613 -1155776609 -980537683 -2052637785 -144287690 -470132946 -577911658 
-0.237 0.451 1.17
-440708855 388859442 -464336852 1622185917 -1656799962 -871065407 -2143356444 966885388 
-0.117 0.607 1.14
2084272333 -725900182 1685375144 1004642236 -612402778 1754417027 -2010470059 -1155288760 
-0.0903 0.629 1.22
-40380343 -1800895380 1683102122 -501162052 1228897766 -242035517 -2005206875 -1189007336 
-0.294 0.538 1.08
-1436310242 -384180005 -1547102953 -999762104 -1315726465 -684850342 -275839941 -224049481 
-0.45 0.535 0.966
-1372366533 -526986913 184107201 -1606951810 -476841480 -1119968435 730547505 -562348161 
-0.345 0.523 1.16
-88230578 -845323089 999945099 189562844 -204385393 -254123053 -10529815 -75137132 
-0.326 0.417 1.2
-1392009325 825197106 -405059428 -509597963 -283237018 2099616229 -2132106588 2100404796 
-0.25 0.665 1.03
1408627788 -1113236827 980925278 -271813158 941776403 -990938893 1719089711 633723095 
-1.04 0.463 1.54
1912089656 309423920 419344241 406927251 407673897 183630890 1345384399 575062496 
-0.212 0.478 1.07
1170893181 1886018070 -2098208672 -258801325 -96416648 212185181 1166388606 8041327 
-0.243 0.477 1.24
-984396983 896371314 -1034518420 -527367235 -599904970 1285918913 -2136035868 690073646 
-0.208 0.648 1.06
-1596378755 424855729 1772677499 -1270230626 810863763 -2099754465 2131090939 332015242 
-0.233 0.642 1.15
-189277608 588011560 -392511826 -490653953 32273831 1218661705 -1870661735 2030379008 
-0.241 0.495 1.06
29909997 -1670636572 -847792541 450824387 1583795227 15594700 -1510647474 -1000669209 
-0.0622 0.543 1.26
1560111292 -1941484211 145028803 1044764082 1247334472 552757067 944081223 -363447949 
-0.998 0.367 1.5
-1206478454 1203295259 331486652 -987324756 -2120533018 -183334602 1260023937 -1884486640 
-0.159 0.58 1.23
1769740073 927577908 1685981541 -191884357 202771020 -1117677415 -1062142489 703103546 
-0.331 0.629 0.979
1906847396 55327668 423014259 433269123 474230297 182843580 -168435762 -857806656 
0.48 0.414 0.956
-1628825073 1086231143 -1487417699 -323498424 -1483232898 -935422076 -1949681386 -717373633 
-0.107 0.535 1.3
-1815778649 -928343700 -3097066 -1898069823 -551098277 1892603526 -51445748 -1001209955 
-0.26 0.434 1.13
-38316030 2012055093 1111490844 -533676100 -1995228186 -854353727 10141409 -1197408232 
-0.862 0.412 1.6
-74140978 -1673986583 -1254678593 -548743220 317674471 -237279946 -279776369 -743451246 
-0.0594 0.239 1.04
-26489031 -221281474 -421642028 1622273393 -283645314 -1087591447 -2002588174 -110052547 
