-0.0861 -0.194 1.09
-563880669 -4208770 -2082717537 1614150776 -946340994 -12665885 -1970590089 -109986251 
-0.292 0.0119 1.08
-315149032 1404167763 49973366 1612767100 -2005156356 1597216643 2862293 -215545247 
-0.282 0.0362 1.04
1140357861 -1739710492 1278536315 954157267 1853115423 720205037 -1272603282 -2057651379 
-0.277 0.0312 1.06
-318354195 -1169740268 1089380980 -175017517 1848427601 240759913 350613477 544799018 
-0.354 0.116 1.1
1974976351 -1086497093 -170459209 -8241185 620582823 -1380197963 -947913749 1940911278 
-0.387 0.161 1.14
-100688885 1476247012 -134849537 1840693181 -1648378897 -245105481 -1023476785 -68825954 
-0.243 0.261 1.05
-202064802 -1082360153 322895675 -1621213297 -1845635161 -503621442 -941622321 1607324839 
-0.166 0.21 0.895
2056888392 259123641 950933935 -95889474 283906691 1405307154 2067068383 730267778 
-0.168 0.234 0.898
1147225399 1911446102 -805707167 882191427 776381562 -1904954643 8482358 -730681747 
-0.259 -0.0848 1.14
1946151404 -1871065632 1752308139 969531327 1518288806 1640165458 -1071580729 -1547201726 
-0.0411 -0.0953 1.01
-24869 -1074970970 -151094401 2073456639 -1941969033 -9438031 -1056964626 2044852399 
-0.169 -0.0878 1.04
-104624367 -135355434 -220593290 1622205233 -1674072453 -16401477 -1061245188 -1460549443 
-0.141 -0.0667 1.03
1941812329 527543736 1547664251 1883961279 410853253 939260083 -802037809 2076688584 
-0.198 0.0998 1.04
-1105789862 -300884711 964697535 -767361362 300807045 -170243250 2065627067 1605305362 
-0.12 -0.105 0.97
-1076462414 -420566034 -604855617 419822318 -1015023633 -2490520 853522100 -1966900883 
-0.166 0.207 0.902
1161341217 -1480336523 141305210 806787250 1279291032 1071692382 1895931247 -1965946304 
-0.0795 0.154 0.873
1569170242 766023737 -523593298 -964369684 1223451794 -573847280 -1689291124 764225026 
-0.0967 -0.161 1.03
-436636725 883756130 -464061912 1003560957 -277512922 -924331839 -1603274396 -117198322 
-0.255 -0.0221 1.08
1629069668 -1656664104 414004514 306714519 407411713 282675803 2097513933 847676032 
-0.128 -0.108 0.989
-1349212444 -391240708 1526315742 1344922564 1785384921 -3448014 1009759932 -2132706416 
-0.0561 -0.119 0.978
-1888528625 -1195436442 -413151684 1690267645 -281543306 -332558143 -2132070554 -248383697 
-0.26 -0.118 1.2
1331912505 -51438730 -419510188 616383859 -300487554 -1372736823 -2136674958 -110052753 
-0.0491 -0.103 1.03
-327418037 -8413328 -318976965 -191430721 -855638026 -1402157 -1431306754 -102267378 
-0.379 0.0597 1.18
-436231841 -43054346 -486610883 1939615711 -293610113 -857353255 -990904322 1906434727 
-0.179 0.0636 1.01
-170030527 -1746327324 -195906562 1808804789 -1652600857 1623718035 -1065436596 -1451114356 
-0.156 0.209 0.892
-1298571043 491089032 411546418 2068321239 443336209 50021434 1551688649 545477024 
-0.385 -0.0459 1.27
-101863253 -1612084228 -153716449 1775251389 -1652580497 -169354061 -452994082 -101611330 
-0.157 0.209 0.892
1406984548 -1622835255 137214819 1053324114 1516555793 553341530 1968562127 650572770 
-0.311 -0.108 1.26
-1808597626 -474021889 601533119 -983040372 1675591663 -23536796 -1357965633 -676496250 
-0.31 -0.121 1.28
-1817135090 -826345997 861208351 141557420 -1852613673 -218473290 -283159025 -542810734 
-0.33 0.212 1.12
1198741001 938130292 -193238147 -1533269765 739683967 -832193355 -1070399706 -1110324497 
-0.197 0.0955 1.04
-1106052262 -434972359 -1450699601 -700195154 1106113415 -171291890 991884723 1596917010 
-0.078 0.13 0.888
-903157466 -1064139491 193791118 1081073388 -738463288 -178648246 2072974843 171772688 
-0.0408 -0.00713 0.984
-33639813 2019123005 -1342706369 1956020191 -1509952002 -570825843 -1746141217 2003283175 
-0.0548 -0.168 0.997
-1614865402 1404692149 844880830 1748303612 -1858110465 -10756941 -1023527219 -1825478252 
-0.0661 0.0595 0.923
-94835912 -397223655 163318919 270784815 1120385480 -1119212726 992073203 189664114 
-0.258 0.193 1.08
65584673 -672227340 1719429502 -1600767815 488008703 -277038953 -524919506 -1646540083 
-0.265 -0.0935 1.14
1442512095 -226845161 309781373 -191432065 1023179831 -290333531 1124466623 1732879790 
-0.373 -0.0532 1.24
-201396087 -671573274 -1216908801 1778294685 -1644224649 -1045431081 -998311074 -643595089 
-0.318 0.232 1.14
-319920226 -4238598 -469856715 -726667415 -491782274 -290470936 -1947211910 -240126425 
-0.253 -0.11 1.18
-278701379 1894750070 -419968427 1689640827 -300417922 -834816279 -2136739978 -244269185 
-0.308 -0.0642 1.19
94748125 -1080590437 1071574590 -440191748 -134353097 -16950275 -1263572999 2074048143 
-0.252 0.257 1.08
-503401378 -1889700187 331284281 -565297330 838718973 -1028524228 -942145573 1409055911 
-0.0574 -0.116 0.979
-312059077 -184656281 -1477030843 -457761429 -274729858 -315245619 -2088599690 -42156161 
-0.364 0.206 1.11
-310702245 2003808918 -421642003 1622584153 -297801858 -299525735 -1062473734 2044846655 
-0.313 -0.0644 1.2
-587990293 2119817023 -1093243521 -57246104 -1912602625 -537538641 -755335201 2134803503 
-0.0662 0.116 0.897
68892273 2063683384 1827335228 1887581782 611058900 250710953 505489080 1965432904 
-0.283 0.0199 1.08
363118299 924188337 -1126793421 -1132316886 217855493 -2015109953 -749404214 2140062946 
-0.283 0.0627 1.04
1173139305 929504180 209642613 -1265229597 745303570 778434797 275119918 1826290278 
-0.351 0.131 1.08
1457829630 -623280723 -1078591525 -1084228534 -1778526227 -469866561 -1076536357 1476328943 
-0.0814 0.159 0.871
-2012038893 1621786938 -422903636 -1004498004 -1059374722 -577500349 2055877808 488705566 
-0.125 0.15 0.9
1138037797 -1732231252 1388051294 -1344505646 981353561 -1873058663 1425137164 609807323 
-0.226 0.257 0.999
-55132950 -895877827 431251355 -1082655570 299725775 -67473498 -1084499045 2135903446 
-0.273 0.0193 1.05
974694624 -1039078103 950286763 390255526 1357675137 835349294 2064765323 185532752 
-0.0798 0.13 0.896
-1280809425 -624804483 530448215 140494979 487803097 -1830914418 1033723726 -967279139 
-0.051 -0.156 0.954
-608479226 -1061501443 593087647 1081475004 -743212033 -214255485 -879807361 -80396396 
-0.279 0.0949 1.03
1475812429 -1841563471 -399554065 -158468099 419198775 1655554439 -1858666514 898619338 
-0.316 0.232 1.13
-1379639425 -3272022 -404820459 -963154199 -1342183553 -355626036 -1796247618 1576597039 
-0.235 -0.046 1.11
1164539897 2035769209 -323163065 -1247847077 1859949596 -1619184915 -1222518409 1969143423 
-0.169 -0.0881 1.05
-313815151 2012185494 -153484940 1622205299 -1408324994 -16402183 -1061245252 -1460565955 
-0.258 0.192 1.09
1139898661 -688927259 1820125547 886420760 1511422495 -487049021 -1472914387 -37299253 
-0.0124 0.187 0.882
-118312309 1543110127 -1078632529 -1090592851 -2048943121 -776835177 -67446305 -139604929 
-0.147 -0.0675 1.05
-377749687 -1216377040 1753098361 1887476671 1214103478 -41895725 -500761090 734232650 
-0.348 -0.0637 1.23
-1813332273 -4213250 -10682437 601812732 -1778910209 -139558921 -285253762 -34079577 
-0.093 0.09 0.909
-363169442 1746583835 -1381137237 271304559 -489834050 -6683830 -1156852237 321890098 
-0.233 -0.0449 1.1
1702122299 937254837 -1342771859 -1265222389 -302672450 -864700195 -1812660361 2145295983 
-0.0685 0.0289 0.932
1298748939 817618802 -464237508 1704419069 -1349043914 -580546335 -2144642714 -49830370 
-0.134 0.142 0.913
2056951832 1160837155 829905401 -1741759954 12860326 -518869754 1261630867 263128778 
-0.316 0.215 1.14
-705705446 -689327502 -136958665 -862580791 -1784176769 -26878806 -1040554146 -42695513 
-0.228 -0.0602 1.18
-596230214 1475936109 -1073951555 -180969938 -2113945618 -927798308 -1147504233 -537981865 
-0.257 -0.013 1.07
948232310 -938431159 162051203 440518982 300539273 299516686 2131611801 33959632 
-0.0414 -0.0929 1.01
-155829 -1082523908 -419496577 -187256839 -1660944529 -134219629 -1056964610 -102382417 
-0.293 0.12 1.05
1193325609 971128693 1283320176 807155954 739643101 259635901 1084358447 -1646654774 
-0.0817 -0.151 1.04
-1899996305 -1131539219 -270677951 -962598808 -404298660 -371301683 -1158844362 1570307855 
-0.257 -0.0137 1.07
1106354533 -1723642659 137228651 912019858 2018526225 16345627 2080742509 -423451701 
-0.267 -0.101 1.16
-411083368 913795587 595519093 1895907199 -365038282 -1372195735 -2140672009 2070279975 
-0.0905 0.0787 0.895
233288235 1487413085 -271521713 -1529426840 -34435972 -570952825 -1366607844 -713380257 
-0.383 -0.0692 1.3
-101805937 1606263542 -145237185 1241444317 -1648902273 -1037050189 -989888674 -240005953 
-0.0976 0.0785 0.898
-1977554494 -929900259 177251534 -1535321878 1407871448 -238146610 2140098745 -1906504107 
-0.235 0.2 1.1
-45262207 401116020 -193844866 1620050871 -1942606258 -1622819671 -2135769148 -1185839076 
-0.0831 -0.155 1.02
-1670742133 -155266058 -413348131 616021036 -946340882 -299451419 -1414562506 -574751473 
-0.094 0.195 0.884
-1707428862 -340663845 327767438 7265324 -1852621911 -180745450 1796867161 -760935275 
-0.371 0.0314 1.15
-537477365 -214530 -134415585 1761541884 -1778384897 -202671433 -352354434 -571224929 
-0.0704 0.145 0.875
1147424639 978279036 -1916869535 -141089717 1861010442 -1939528724 -1782482062 1952363879 
-0.228 0.263 1.02
-17548054 181992749 431308703 -1624777554 301969871 -579178706 -1151673453 1599016406 
-0.161 0.208 0.893
920958191 -2072904215 497418235 -1084294038 401172353 -503683146 2069191007 -674343486 
-0.0553 -0.17 1.01
-1615422330 1673311973 307469119 -852164884 -1849982977 -295969614 -1008782833 -2017891178 
-0.00701 0.282 0.859
-25765110 1979701119 -1478538099 -457252884 -406864898 -46482491 -1953596041 -542269857 
-0.0932 -0.111 0.972
-419665924 -128033879 -1179273677 323710799 1659753983 -1159075988 -1083845645 1397159779 
-0.141 0.226 0.879
-1430603312 -1005075990 968627630 275445565 -789580886 1940523794 2066667001 -72413040 
-0.0937 0.0887 0.887
2111706940 1599415264 830311957 1496019799 579271647 172617784 -2055870494 -2081623565 
-0.261 -0.0172 1.1
1097463563 -34662538 -428053207 882773785 -48817858 -580544317 -995226258 -101480849 
-0.153 0.311 0.913
-318824625 528427176 2092878761 2055340031 780007399 -354204767 -1702952974 2040787342 
-0.278 0.115 1.03
1698692417 -1250996560 1148905580 1937782783 1786541988 1823594705 6814637 964932168 
-0.0926 0.0734 0.89
-1100083668 2054613860 997531349 422803827 597141721 491452140 -1587426473 -1017185929 
-0.0858 -0.00911 0.946
-1055814355 -1706414148 1287534935 -191286829 2048839261 911816859 1957027500 566815642 
-0.127 0.151 0.906
-1527944204 -1203303540 177272403 1540481363 1869399161 718235624 1021674224 1616181540 
-0.273 0.0992 1.01
1939185828 -1740558420 1486994294 457724370 443174537 828109883 1953864397 -1605187128 
-0.0651 0.0601 0.92
1828205162 450483517 756342219 -1493770964 368390534 -776853113 -81142461 -144734946 
-0.349 0.323 1.15
-26583941 -162557906 -421639483 -457707719 -851451282 -282686519 -1996820494 2037447743 
-0.147 0.292 0.867
-260309303 1920698740 -327890821 819105727 -1940407874 -6275421 -400368162 -115113650 
-0.229 0.0283 1.08
1803138991 -1201971268 -331486117 -1331798565 2127912087 -1611058949 -198845073 -237597090 
-0.37 0.0208 1.18
-67503541 -721843858 -290170449 735367100 -545293329 -236294269 -386246306 -1186752225 
-0.0831 0.149 0.882
-168986458 -627227186 -1615793662 726998160 -470558260 -1057855767 -1127282347 -204048059 
-0.0836 0.125 0.904
1853578045 1886068340 1182222436 1890803569 -300504962 205304001 -2136938121 -245056641 
-0.22 -0.000197 1.05
-33777845 939130549 -1250009217 -459915331 -1648541817 -940050249 -1006960689 2144191630 
-0.296 0.0515 1.02
2008153166 -1625817925 957281207 -62130194 284786583 -1279571917 2136864751 2139583618 
-0.0931 0.0829 0.897
-1633240509 -392522945 -405605233 -420025108 -973380098 -38843513 -70289768 1564028444 
-0.0431 -0.0275 0.968
-327502338 -83927059 800911051 595591135 -1545603585 -554015763 -1074798593 -681050529 
-0.078 0.191 0.862
-1399401646 1691356477 -273675859 -1845490770 1173329390 -909956276 -1693781872 455806536 
-0.174 0.0556 0.976
-1232327588 257240233 428851122 1514928103 367904641 584797978 964683739 1250914688 
-0.275 0.0329 1.06
-577306423 1064111716 1348903540 -15719437 205186640 215079993 13826693 676390922 
-0.38 -0.0514 1.27
-169073043 535640812 -83889285 1004416413 494899183 -1058539344 -185106610 -506206009 
-0.0854 0.0322 0.952
-1707372414 1152968047 -1286513265 1215225772 -1816970265 -241557994 -338030497 -609939692 
-0.173 0.0595 0.963
-1254142768 -1508021622 -1316571468 1526937559 -1553074269 778290536 293594065 2047176992 
-0.073 0.0167 0.933
-1048930402 1908055026 -411063251 -2067902903 -158909130 -601050640 -953204422 -175264137 
-0.0697 0.0091 0.943
1972861417 358943749 1281812713 -1085173314 1249404064 682819009 274004391 1003698250 
-0.215 0.291 0.922
-1898288094 1874781669 192448287 1483209260 -2119959559 -204293564 731788853 -1895859567 
-0.113 0.294 0.908
-478577973 817470818 -311071703 -1315561539 -941682266 -576449337 -1607804458 2031060494 
-0.0131 0.204 0.868
-218222517 1459223919 -1078468629 -1359503427 -1778404369 -1062047865 -335881249 -8401777 
-0.0708 0.12 0.88
1709783417 928341523 234809457 814890387 754826332 251001065 271970275 2053028971 
-0.284 0.118 1.05
1310040425 1028070621 145639657 -165908238 1818805888 1845176793 1342503103 750912074 
-0.0629 0.103 0.902
-1364827785 1759403805 177071327 -197141426 -470094344 -537238708 1066358707 1178484563 
-0.282 -0.144 1.26
-1637163613 -423701145 -1554232801 -533201864 -946635777 -12697882 -1411481801 -537035241 
-0.162 0.0567 1.01
-407276576 2025787176 1838802954 591478740 1669289364 148460481 -1133541131 -1157139704 
-0.283 0.0892 1.03
-1138831400 -1491826533 831133630 -1021271378 32012259 1065602430 459204600 179130368 
-0.0802 0.162 0.861
-1459117311 1369999740 -967159378 -1057962315 -1657067154 1365743747 -1062600692 -130971116 
-0.24 0.202 1.09
-99378160 -147594221 845889980 -534718596 10173363 -12936909 1109059249 -1146813928 
-0.301 0.0204 1.08
-1161905674 -862728823 429194635 308731182 1375728589 -1311085666 -81931813 -611446831 
-0.108 0.2 0.859
1691445585 -61993096 1760733291 817992471 1785519414 415332937 740658428 688042600 
-0.0951 0.0423 0.907
-1707401329 -138938372 -136556644 -458834244 664681455 -298800139 -1968294476 -38970212 
-0.0434 0.279 0.837
294695755 263764475 -316834390 -1093753204 367923079 1374574743 -281209844 -712309560 
-0.00361 0.24 0.883
-92621025 1543108095 -1208132209 -453050467 -1784701953 -684053609 -272966177 -135410017 
-0.0729 0.019 0.935
-777753873 384573421 1278671563 -1344829302 1593205900 -387681083 -1261086682 -1923416882 
-0.00419 0.295 0.888
-26813558 -167848577 -1479062339 -457777172 -406865410 -46484540 -1953597129 -676487585 
-0.131 0.141 0.911
-1471101732 -934403893 15208995 -584465585 -95895173 1402603370 1292886448 2847666 
-0.097 0.0789 0.903
1609869356 -51981347 41202003 771619184 2016569945 -43058510 1708465775 -1504265993 
-0.0639 0.111 0.9
-23961220 -396967671 144808119 -1821772946 -487589671 1032471370 1069930427 577647376 
-0.136 0.143 0.898
-990014186 -123779126 36484627 661518173 -365702793 -650427424 751799163 -534383945 
-0.11 0.21 0.853
-280149003 944702012 -1024221116 -239517357 -297892776 206418889 -2069648908 544254845 
-0.211 0.278 0.927
-92889606 -402727171 469650943 -197738710 -2120248337 -9326594 -611123525 1610386551 
-0.277 0.0917 1.02
-1231131556 -497112439 162180787 1392632815 -1033050207 713705832 424015859 170291616 
-0.0144 0.297 0.852
-664357202 -910491649 -1208124001 -310444468 -1243636737 -683777098 -7381217 -671133993 
-0.213 0.281 0.932
-310979470 -1082368475 66995821 1413365615 -1581262850 -546194484 -1814888781 1609350711 
-0.227 0.28 0.991
-1666009918 -809699859 301522879 -546308436 -1845494785 -745386202 -1075890497 -542149486 
-0.249 0.257 1.06
-503434018 528316069 402128693 -816169141 -1325541891 -2102266436 -942211109 1409084583 
-0.233 -0.0718 1.2
-931769670 1255702381 804715663 -63463862 -1241541122 -596449332 -1076135021 -679723913 
-0.311 0.0322 1.06
-1512773027 -1532360158 -315182678 -1831722289 1609319846 -527574700 -198183028 151762830 
-0.3 0.0447 1.06
1533848970 -1346446885 -1725138978 -1554092551 485716743 -142653194 2102746991 -892353289 
-0.102 0.0895 0.898
-1616475062 657749005 332011420 -886932756 29046721 -45889228 64648071 1312648210 
-0.0781 0.189 0.859
-1527887502 1725188908 196904681 322415663 1642067434 -939463860 425654259 -897615803 
-0.279 -0.0105 1.1
687760180 -860845108 1777908206 437119298 1366029736 281735964 1430586456 -2100159551 
-0.144 -0.0671 1.05
-382092471 -1754034768 1820223851 1891671999 1484602262 -135186285 -132055569 2076410570 
-0.0812 0.159 0.87
-1995261693 1169261887 1725573518 1080070836 1367030754 -787248302 -91605764 -1615787496 
-0.22 0.252 0.973
-626639426 -896270851 733805979 -1351091158 1409283021 -67474498 -74491557 -142643757 
-0.157 0.359 1.02
-520488279 -184825484 -327882625 819121599 1280829503 -202621245 -1138369026 -111965585 
-0.0642 0.0885 0.912
-1476263368 1213252445 200347079 -736044790 550414552 -1677581556 998429075 -2105668013 
-0.157 0.311 0.938
-394544328 -195306181 766803367 872587071 -790775378 -1255011429 -81732133 2078705267 
-0.288 -0.107 1.17
-1162707666 -1030291987 798817935 -1351090994 1407187917 -260414580 -1076932429 -686325801 
-0.351 0.319 1.14
-27041997 -154234754 -421771131 1689644601 -820516242 -14242869 -2002063950 -1653555905 
-0.226 0.035 1.04
635007949 339693152 -59315143 1891833823 2127977878 1256314081 -1574594076 2030547724 
-0.081 -0.0666 0.987
1214953850 2010371423 800869835 -1267278806 -1781154852 -571331633 -75473605 1602129523 
-0.214 0.315 0.924
-73782240 1391634388 49906966 1075895152 268614393 -15156454 1217628157 -1972089963 
-0.242 0.0177 1.07
362066511 943267387 -452470597 -158631940 754808247 -912539259 -2041872498 1426826762 
-0.38 0.188 1.13
-327468117 2029753214 -269162339 565698172 -405276162 -64179231 -1431602346 -42750113 
-0.382 -0.037 1.27
-67160054 1404695919 -1208132177 1874255804 -2113946642 -776844393 -335906473 -5929825 
-0.0855 -0.00563 0.962
-1487383728 -1136719310 -276911060 1351296887 1647140150 671977664 -2061392396 453374756 
-0.162 0.238 0.886
-809298163 330244854 -429979100 -326011943 -1374209410 1243975825 -2136298172 -1323179089 
-0.0335 0.216 0.877
1357439331 -1921248820 175436379 995596288 -1867347761 -788630842 802494998 -1931937635 
-0.163 0.0617 0.988
-1699957638 -367921911 528832403 -1620116434 298419145 -201699522 2136823707 1580092627 
-0.0626 -0.0695 1.01
-1696139158 -939722259 -1114286197 -1887507282 -1778408501 -239177962 -69315809 -553689641 
-0.306 -0.0648 1.19
-1820004793 -1347505015 -711196737 -832639252 -1779611737 -208713290 -539003224 1569420938 
-0.218 0.292 0.928
-1718190938 -826519571 334675614 1298505356 -739508753 -95160476 736039613 -1893368560 
-0.291 -0.145 1.28
-1673896702 1740488812 576505997 1672986284 -1047053330 -391988288 -1947321996 -341492732 
-0.272 -0.12 1.25
1583831615 -252734875 -420033963 -457716631 -290001794 -298993687 -2067562958 -176636033 
-0.317 -0.102 1.25
-361564162 -2213955 1069374015 -982516114 -471868417 -1423378 -15736902 -676331566 
-0.0759 0.0943 0.912
-1853509309 -1884537693 -720733381 -295948660 -1787213913 -1046521705 -421587284 1568756876 
-0.269 0.0241 1.05
2090313764 -371012259 141038075 812448246 274889689 2140826370 2114428445 -1572656432 
-0.0915 0.186 0.884
1366563531 326761513 892755437 -2744434 368906630 -789369705 -747439673 1464698190 
-0.324 0.236 1.16
1992285656 -415769533 275661497 1998632764 45645734 1873993057 56027123 1000820842 
-0.125 0.331 0.944
-328247365 2028934006 -422131179 1639141233 -283120514 -567953431 -2136216590 -110052801 
-0.0318 0.23 0.878
-428976353 -1201703003 -1348473339 -1499497125 -270674018 -1371700275 -1746052117 2008874895 
-0.0629 0.113 0.91
-1129405962 -400668917 -1987971909 325840463 -403048965 -577027220 1070584761 1378297648 
-0.339 -0.0349 1.19
2062466111 -161613891 1073012703 -1112081302 -1846150195 -147132481 -67805317 -100865 
-0.366 0.209 1.11
-68448739 -747920394 -151041162 1622205265 -1674137985 -13780037 -1061949442 -1309619779 
-0.14 0.216 0.871
-1262568254 387050665 495345578 1531098814 293435269 1639075122 1515893721 2072461440 
-0.212 0.222 0.986
-59372294 1792947805 468059805 -718815638 -1543768583 -820908164 331545267 108817783 
-0.0676 0.152 0.878
-1451248236 -89177166 -419766220 27350997 -283288258 1581093233 -1003518744 -249171083 
-0.0862 -0.0105 0.934
-31467056 -1269840888 15074948 1394735095 -897976640 760975208 415540193 707047984 
-0.165 -0.104 1.02
-1183871997 -154122 -698465506 1756426173 -1657328769 -143140685 -520220676 -105789251 
-0.0608 0.199 0.871
1434881413 -1176238460 1448252118 -470226576 506621529 1746925809 1156000300 -1594300211 
-0.214 0.329 0.947
-395604975 1609279380 1121911127 1622211441 -1743345031 -551240773 -1061490696 -1594831947 
-0.235 -0.0427 1.1
1633866683 -176234761 -1484886915 -190963957 -57172610 -831145251 -945357441 1979618927 
-0.0803 0.131 0.899
1227990317 1273233365 174678367 -1535346536 403839705 -679986541 1845828655 -1529721133 
-0.0735 0.179 0.88
161032964 1210157418 -530538330 1388413318 1483353090 281686850 2082579468 -2145148304 
-0.375 -0.0684 1.27
-647096678 1928045430 -1227405667 1236520829 -1413502594 -551045215 -2119504938 -785266377 
-0.0629 -0.0712 0.987
1131626266 -407374861 -1568766851 -1264191688 -259589314 -299058669 -500724673 -35138585 
-0.0889 -0.199 1.12
-1134318286 1877984094 -2082971305 540335161 -2062042242 -8995853 -393539979 -118190475 
-0.29 -0.147 1.29
-1616192254 -423696939 39338526 1077280428 -1022133249 -15033790 -1952565723 -877306091 
-0.284 -0.0918 1.23
-1671258365 1740550899 -1486991939 -994660820 -2053641233 -282813516 -1013023170 -575814513 
-0.396 0.202 1.16
-278196679 -84958378 -419675561 1622535033 -820515969 -13716853 -2001998346 -1183777985 
-0.0908 -0.193 1.08
-563897037 -4290690 -967294817 1614086012 -820511874 -15025181 -1968493003 -1187927523 
-0.262 -0.0919 1.13
-940329651 845635251 -464527236 -158828545 1056734775 -285353743 -2144866321 1904731822 
-0.312 0.15 1.03
2082458960 -1508523878 -1599595346 1361115052 -1058245754 2097301858 187605241 732237840 
-0.0588 0.163 0.881
-363137956 2014493995 1761151145 -802630817 -1563641418 -677772533 -282340941 53150570 
-0.322 0.223 1.16
-705187686 1269912275 -1293429953 -39534772 -1866752717 -1029185743 -950278309 -140042073 
-0.241 0.204 1.1
-296512230 -281025870 -1562752971 -190253187 -527434882 -13792391 -1011947600 832954935 
-0.254 0.189 1.07
1924708476 -632164888 141393715 944494367 416652177 821719578 2100415963 1934541794 
-0.316 -0.103 1.25
-63007590 2008669299 871780285 1965465388 -2116043866 -818901003 -887424525 -72416254 
-0.318 -0.0642 1.19
-316697327 961220144 1154156580 1627944919 712774708 487692537 1147333601 824287784 
-0.382 -0.056 1.29
-202067638 -1749492501 -1221165653 2127478668 -1845553241 -239904365 -344040609 2139456646 
-0.0763 0.022 0.941
-1922231549 279652962 -430192627 1821853436 790047030 -932867967 -2106967036 -184422628 
-0.206 0.0953 1.05
2115910012 1616043785 167609519 -1876689041 1122890232 -1667587316 989984723 40775522 
-0.271 0.0391 1.04
1373612161 392732196 1348641663 1842643635 473329265 1677065399 1087830670 -1396473656 
-0.0663 0.0604 0.928
1115288352 -36189706 675097926 818468115 939956766 359152210 -47870849 -473527695 
-0.0727 0.144 0.874
-1216033714 -2035014519 294336410 -884282676 334059457 -523548362 2145351309 110984576 
-0.341 -0.0352 1.2
-553665686 1486475631 -273359473 922147948 -704646706 -236033145 -68461218 2004127447 
-0.367 0.044 1.13
-1625944758 1774115709 48170687 1159986924 -2080392198 -43255006 63666167 -634565098 
-0.191 0.0962 1.01
-1096894118 -954934901 428479935 -631046482 300495777 -242071274 2065627067 244139154 
-0.366 -0.044 1.21
-75513973 -537024010 -161588289 1777901501 -1656808473 -214958925 -935397010 -106833762 
-0.131 0.242 0.85
1441732167 464336552 -157811716 1872586704 -1401199001 1244120497 -1795477946 1978790284 
-0.154 0.295 0.878
-126092597 -1233549192 -319403589 1892847551 -578832922 -408539197 -398787106 2032369678 
-0.13 0.245 0.858
436907523 -944197262 -1253554242 1483132452 -1803342873 1938169366 -340130538 -559202152 
-0.149 0.324 0.945
-222692499 -553804308 1824291307 1004445086 1602182031 -236295229 -25830914 -104605350 
-0.0967 0.208 0.854
-2048435629 934089314 -413735363 1201024617 -306190994 -316286491 -2130826700 2100671535 
-0.00772 0.257 0.865
-403171745 419135079 -1476432049 -285245473 -1480614401 -1031949171 -2013528105 -680656897 
-0.00951 0.248 0.873
-58928165 -1243783889 -1078558995 -141156561 1744671142 -717787668 -1753285645 1607310455 
-0.0786 0.198 0.855
-1454189774 1163434807 -269459185 -802944498 -712537618 -717112354 -745482054 -1612181985 
-0.243 0.207 1.11
-247743741 402230644 1953909247 818192316 209140614 -1041041261 -1036846769 -104626104 
-0.0753 0.182 0.886
698262020 -937391768 1751322918 440975830 274877584 298577938 1281468044 -2128378944 
-0.079 0.184 0.861
-1473485634 1218404750 -1684949370 191619029 -480521733 -1864669432 1036747217 -1036682315 
-0.131 0.245 0.851
1058986641 622107402 -1249749332 -886960921 1743528358 1023929708 326820768 1535711336 
-0.332 0.217 1.14
1165309481 854278004 1685776509 -1265356581 739642910 -832194399 -2145329626 -1118582193 
-0.0691 0.0333 0.96
1162448761 927402672 -319902624 814752243 676128272 266713337 270905324 684908648 
-0.204 0.311 0.902
-67403109 1474929270 -162053313 1756425085 -1674072201 -685400909 -1061490722 -1179533121 
-0.307 -0.0292 1.11
2013105340 -1191183628 310361943 637402483 439713403 -1221594886 -2047475857 -338363417 
-0.225 0.0483 1.09
-327532164 1750554141 50299973 1882888523 -486548232 -1937661096 394526195 587087731 
-0.292 0.0675 1.02
-1097344105 -122779998 -430712674 1672085116 -146837002 -317996575 -2031148376 832648092 
-0.171 0.0441 1.05
-134392185 -1258475804 -159950215 1805467613 -281552913 -529664799 -2063664186 -1312689779 
-0.0406 -0.0127 1
-294584834 -52462083 800976521 -1239449906 -471869441 -285727764 -1081090565 1476329303 
-0.0982 0.192 0.866
-1577534945 1517843572 -1491800741 139706271 -1785226753 -760055138 -272900641 -751844202 
-0.257 0.233 1.18
-814751918 -1133575502 -419820508 1353803633 -297798274 -311584023 -2136037708 2032448053 
-0.078 0.136 0.872
-824774290 -401419941 681677963 -1771187602 1659564506 -572898482 1057050651 101592659 
-0.0779 0.178 0.846
-1403886734 1750239515 -1951882103 270844462 -531844614 -843054264 989967536 170265200 
-0.0326 0.228 0.869
-1315194752 -625432778 1381018398 1214357397 286734839 370187427 -465860659 -1960769384 
-0.102 0.0958 0.905
-1248433850 -1489680767 25867690 440447684 -773228639 1620826448 1130312361 178746240 
-0.361 0.0833 1.12
-168371557 -1745085724 -134841475 1876299663 -574627857 -488243970 -2097218634 -572400433 
-0.236 -0.0898 1.22
-629527134 1689964927 200017055 1614274220 -1047282694 -14013626 730553655 -834724265 
-0.247 0.0153 1.1
1710036527 452558564 -1266684371 -1147191335 748099038 -932073327 -2064449721 1901389774 
-0.0303 0.182 0.912
636320312 915494435 -1479087103 -1484636773 -2116682418 -1997144915 -1816205373 2065605743 
-0.0894 -0.191 1.06
-26485461 -121661570 -413382497 1622539900 -409502722 -12928029 -1968490633 -80626147 
-0.218 0.0367 1.04
-436382129 411008678 -464064903 2074034141 -285387466 -923413343 -2140144698 2034366382 
-0.403 0.211 1.19
-9498855 2011931606 -419544875 1622272889 -333993346 -14304343 -2136805382 -1469003201 
-0.0858 -0.198 1.07
-636289776 -272709667 47743007 2159596 -234685447 -15033486 1787795133 -1969157616 
-0.0391 0.213 0.849
-1616239581 1203255668 -1487124646 7792800 93531129 -1014579578 -1415938298 -830780211 
-0.0848 0.155 0.887
1820019000 1885588310 41681988 270582131 1778563192 1030797896 18918775 -362378639 
-0.315 0.152 1.03
98644047 325926467 -1001660312 -86563623 -1384610526 -1057648443 -2064699884 1964238479 
-0.0811 0.16 0.875
-1442690757 1615501075 199819269 -736001489 -435770888 -1656487090 2072691888 -2077618637 
-0.41 0.198 1.2
-110428501 -152073354 -427925377 1639354297 -820514946 -1704222 -1598042762 -370042761 
-0.0787 0.208 0.863
-1859012094 1203367345 1695570239 -1933271380 299842471 -180352877 -501590900 -7928686 
-0.055 -0.0622 0.929
-251907381 1603925359 -7012453 -1342792020 -1778445361 -772649033 -67478693 -550646626 
-0.00657 0.196 0.908
-84168181 -537264787 -134914145 -285286468 -1778410513 -205885545 -340107809 -1209186 
-0.0961 -0.00577 0.959
1321758817 -1127349172 1289800304 849170675 1852885080 736028365 149208100 -1929727159 
-0.383 0.118 1.18
-680221 -219633172 -151880705 1876701149 -1652570129 -135266373 -990152034 -1183724145 
-0.0792 -0.0665 0.983
900871785 987770476 1282861691 1003743483 763260061 181925029 -1602929082 -1990530870 
-0.278 -0.153 1.26
-283980542 -406928620 39321886 1076952044 -2129429511 -16213950 -1064401363 -1430971883 
-0.17 -0.107 1.06
-1174683901 -542400010 -430161634 1626402749 -1659393153 -148465005 -390197380 -1175336771 
-0.00516 0.243 0.896
-260425666 1392246271 -1346581105 -1393057875 -706757649 -193811553 -73736737 -545419881 
-0.0791 -0.0695 1.01
1171617453 -1729216516 1555954299 -1076008741 2121583645 -1427245395 -1268392402 -1252328497 
-0.0818 0.124 0.876
-457409161 -123861041 180156547 861371474 -209726004 -1862573107 -1093826053 319978393 
-0.0699 -0.129 0.979
-1686003961 -558979587 -682075361 -864162100 -550016035 -145089865 -292596180 -1782980708 
-0.31 0.212 1.11
-1251041649 -1293272396 -145354947 -912822295 -1375737985 -280634184 -1057325074 -581306961 
-0.0959 0.045 0.916
-1912190686 1088472653 47808709 -969553824 -1054170904 -938302708 193605653 -2038944239 
-0.209 0.245 0.9
-21858082 -826477333 938794687 -546832724 -738197529 -491098202 -1419773037 -550537854 
-0.0175 0.161 0.898
-235376117 1459223919 -1347093057 -1344823363 -1778402834 -1057854833 -1413555753 -11674449 
-0.0641 0.0862 0.903
1751527546 1532613899 -1080730237 -1082745846 -1846175356 -1850585121 -3114669 1476265015 
-0.0752 0.284 0.849
1282823034 1415077229 771128417 -1080615126 1090491596 -1058804788 -1689192041 1601080387 
-0.0942 0.196 0.874
-1304774486 1469644149 1028939167 141991084 295123853 -147669834 -348594737 -543224622 
-0.181 -0.0923 1.16
-36204719 -1217516894 -430308740 1638933493 -1371641994 1829099761 -2130792796 698478636 
-0.132 0.341 0.963
-848610503 2028706678 -419633065 -1263153829 -334058370 -546980919 -1532498562 -109925761 
-0.0843 0.123 0.892
-849097437 -185625004 1180319829 -457848775 -283973508 -46876479 9058852 -59728321 
-0.00768 0.232 0.884
-361720037 2113885823 -1208132339 -457285811 -1516268545 -684119073 -810877453 2012057151 
-0.313 -0.0289 1.13
-439249092 -1167390090 -428168686 -2138545185 704961855 508164281 -2077773844 -1321080337 
-0.0778 0.202 0.851
1211675682 1202843125 972909951 1481886 299309999 -680510826 -82174881 -674820907 
-0.285 -0.12 1.24
-1662886110 -423701789 -1487223107 1102573160 -944508930 -273245212 -1949417930 -550013947 
-0.397 0.204 1.17
-545530225 -118517378 -428553665 1639837565 -818419329 -13699357 -1997541506 -111035585 
-0.047 -0.104 1.01
-310658197 2004852340 -419672705 -191447105 -855654402 -35276069 -928055810 -102267346 
-0.0833 0.152 0.876
56669743 -604455435 -545424033 -1937848184 495127453 -679724394 -283550450 -707112993 
-0.0495 -0.101 1.02
-16793761 -8388931 1824456639 1938227198 83720103 -4503053 -93323269 2073032334 
-0.272 0.0165 1.05
-90954660 118812041 413340591 1531507662 283670401 836454202 2069230547 42946946 
-0.0187 0.266 0.793
-630031474 1908332543 -1487090529 -1531453780 -745031170 -63784234 -342926017 -683856361 
-0.373 0.138 1.12
-83968306 -558238227 1066753947 -1342242900 -1778385937 -205885513 -2139297 -542155305 
-0.266 -0.0875 1.16
-235700594 1446636146 -262738115 -593283172 -1868595929 -366617439 -2105870396 -114821722 
-0.326 -0.00211 1.08
1928903502 -543171141 -308511349 -1227424324 1442665351 -239449193 -12755461 1603245982 
-0.013 0.247 0.871
-277818753 1040014703 -1078624405 -153198773 -1346920961 -771803443 -1345324681 -136397193 
-0.0319 0.218 0.881
1793905535 -597732181 -1346536061 -1092616359 -151136305 -1325513761 -1189381 2007955391 
-0.133 0.189 0.864
1748701481 1347673397 1224624237 1882463674 1209940172 -1921996597 136378819 994216522 
-0.0696 -0.000403 0.936
-2025589885 -173141390 -413931207 -1784803635 -443085514 -838037275 -2035351508 -710175185 
-0.0665 0.0306 0.945
21082883 -1087759886 -314934997 -1261566291 -715911386 -173729577 -432122708 -578583026 
-0.132 0.247 0.859
1711051849 -1632819480 1952381806 -355320871 -1652861081 1625806993 -989974706 -1175854961 
-0.00835 0.257 0.869
-503564481 -1730445641 -1480594327 -6324405 -2107906 -931270467 -1750869537 1467805671 
-0.0146 0.298 0.855
-1695140818 1237055487 -1075970145 -847249844 -1210073601 -734338124 -3186913 -671256617 
-0.266 -0.108 1.17
-276930662 -188788174 -1545681347 1101492077 -476578434 -299526676 -2127632398 -81414361 
-0.379 0.119 1.16
-134307873 -16810313 -134295939 -408977409 -268445697 -272763411 -2098724878 2012083631 
-0.145 0.182 0.906
1331912107 1357643605 -967163835 -1531619975 -300730244 -13324063 8390693 -59732097 
-0.0489 -0.123 1.01
-293970049 -117483913 -402666387 -457220229 -274729474 -314723379 -2085880333 2138881903 
-0.0798 0.173 0.866
1405073537 -1745814035 1349999615 -305881924 419053223 -235144045 1112701199 -1379319614 
-0.0836 0.204 0.853
-117918934 -944123403 926178655 695639692 295115727 -781026666 -283714225 -540209961 
-0.0322 0.233 0.883
-1121002798 -1254257108 -405397876 1126305781 1731016134 -1123840544 -1845828640 1536530452 
-0.362 0.0309 1.13
-75548125 1358536044 -420128305 1760944061 -1653098002 -244401533 -356820642 -244215905 
-0.0847 0.206 0.863
-529881159 1911264118 -1570951856 549063955 -132671362 237288120 -459240066 -504067483 
-0.0413 -0.00665 0.978
-16842753 -60850243 -1077940673 -174096401 -402655233 -285644803 -1074790405 2012217327 
-0.28 -0.141 1.28
-563946961 -118517401 -1368043809 -1530934168 -275322754 -80857147 -1430028490 -579289249 
-0.345 -0.0632 1.22
300266319 -1623622487 -182518293 -19483512 352077447 -1058056041 -428508914 1569703054 
-0.0613 0.159 0.854
1816227708 -12123208 -356996608 852567411 1850532957 180429769 -1138373136 693303911 
-0.272 0.0402 1.04
-170839351 392965856 -730682562 -36690979 -1674150089 1120263345 -2139177460 -1450979186 
-0.0631 0.0788 0.929
1853381432 -128722564 687606855 813766963 1120336010 1030367818 992005475 -1421436045 
-0.0595 0.161 0.873
-1403360227 1247458106 -1444116827 270789423 -1530207877 -552335604 755236338 1110112242 
-0.09 0.0838 1.02
1534481573 2028963702 1450508884 633160016 -367871874 -566446367 -2069820828 -1250903169 
-0.125 0.334 0.948
-328474693 -118516874 -404830187 1623117177 -283121282 -13782039 -2135953422 -244269505 
-0.0442 -0.0275 0.966
-277008149 1358528365 1056434521 1000218587 -1912621586 -990775383 -1829045801 -210334385 
-0.0345 0.215 0.874
1504775278 -1695859219 1216097119 -54155896 414341853 -218482029 1846615567 -1252733486 
-0.375 -0.0733 1.28
-1683821178 -272698411 324699935 1212088044 -1816920069 -208929162 -1012959681 -1895998057 
-0.198 0.0962 1.04
-1097663654 -971843285 -1450697301 -700260690 1106113415 -238400754 991885203 1596920850 
-0.0105 0.207 0.869
-109473137 -654575627 -1217036961 -1392599655 -577300001 -683920201 -407118513 -144863841 
-0.4 -0.0444 1.33
-67127029 -692519444 -142705217 1760862140 -1778435089 -236717933 -490841650 -103428970 
-0.364 0.0438 1.13
-344255997 1375308670 -419477393 1622462429 -1921009282 -714624125 -928317994 -249460193 
-0.108 0.209 0.85
-176272695 -1217585628 272023292 2073239955 1852597314 140899560 -1787434010 702150756 
-0.212 0.299 0.91
-1076482912 1206971213 317957951 1499568680 -1863861015 -1027473880 601813525 -1973991215 
-0.323 -0.0642 1.21
-1264664610 -1758189398 -40190022 -607469873 300767143 579553718 -679479304 462255244 
-0.0966 0.208 0.858
-1645276669 300531318 -413677192 1754758905 -1925763786 -910831483 -2131087802 -579754963 
-0.177 0.257 0.902
-1104820909 -1353884515 13255549 -417579330 -1921498175 -277395217 450821801 2091996162 
-0.0783 0.187 0.835
-864940549 1868419633 435979837 -173609169 -1398887426 -551514260 453049779 1324254259 
-0.263 0.0195 1.05
-394382982 1482278251 733262983 442605342 -771768882 -1846392054 -16133677 1795557427 
-0.107 0.108 0.905
865399622 -1944823639 1837316523 -1706493234 1374180737 1909147926 2136298126 529471370 
-0.277 0.0918 1.02
-1533663408 560202410 1770687144 1375859678 -1603476062 1216397632 -1804623120 52654088 
-0.323 -0.0647 1.21
-1482098739 -1119922501 -459276622 -421791747 -268601545 -71350811 -1112573969 1905129358 
-0.288 0.0175 1.09
1713364308 -1136193868 1210821365 1344926678 1785493041 1050255720 338018041 566424544 
-0.374 0.146 1.12
-84362962 -537002497 -1145766497 685694892 -706741265 -201691210 -6334081 -671642217 
-0.245 -0.107 1.16
-278177347 1886373750 -428356523 1890836315 -300417922 -1103317271 -2136871561 -244008065 
-0.131 0.173 0.909
-1615885309 -55999142 38163742 1622730741 -1942787209 2134890658 -1057345971 -400192876 
-0.163 0.246 0.88
296367878 1404680690 -1256342085 247922316 -1846067289 -1028990830 -281078194 -140032572 
-0.282 0.0966 1.03
2029694296 -1887569741 -1997666437 -258494549 -1864499405 -609858786 160952314 1257174247 
-0.256 -0.103 1.17
-563962109 2013189333 -2040640419 -457769944 -845943812 -13190443 -1952547273 -570827745 
-0.111 -0.0618 1.04
476449387 1131976813 -1376367383 -21526518 502179310 -1062851684 -1686079210 1165921607 
-0.278 -0.0864 1.14
1978571966 997818359 -1621168321 -1273615029 771227455 -1636434756 -940179585 -136385049 
-0.141 -0.149 1.05
-1774146 -50455555 -1695027585 1709010763 -209723393 -9570328 -1228407169 -436862985 
-0.069 0.151 0.871
-1752851646 -1484340087 629863822 239528676 -1049991287 -506771115 333395500 -559843712 
-0.134 0.146 0.93
1702441576 862013988 678882400 848303507 138722310 216135880 808512967 2034663520 
-0.36 0.328 1.17
-26260295 -154173106 -420200235 1639041331 -820516246 -1087983637 -2002064528 -1452238467 
-0.102 0.096 0.903
1009704144 -1487584247 298210992 1526872054 41514881 804506984 425108451 2057793536 
-0.283 -0.145 1.26
-1629234813 -457255561 -1555021282 1614208572 -946635778 -79774009 -1432472523 -542040291 
-0.126 0.145 0.894
-1170575978 -870386289 327751303 158064204 -761537543 -233175218 2140127731 -2035459152 
-0.0647 0.165 0.851
-1332435626 -887266933 -1719027813 1246298060 -1275471919 -795131110 2144326617 1386575248 
-0.0736 -0.125 0.962
-67453178 -272654094 -1286072386 1084817140 -786465801 -150300366 -834754820 -2086317676 
-0.39 -0.0705 1.33
-101985761 -538073354 -153629833 1761144665 -1657278593 -970073453 -994054178 -235808577 
-0.0643 -0.121 0.973
1425276003 1744624855 1316932475 -1531528152 -2047414353 -340329515 186023487 -570729393 
-0.151 0.225 0.873
-519337700 -194277500 12976500 1074831767 -847565704 911325273 1150209517 -1598977408 
-0.359 0.328 1.17
-27041861 -154169218 -421771115 1622527033 -820516242 -1087984663 -2002063950 -646922945 
-0.0686 0.0793 0.91
-1097421980 -921663095 698457483 -1637288986 283669441 -1312142510 2069205145 177163986 
-0.221 0.0295 1.03
-436391137 -1736483150 -427889363 848773085 -321003594 -328101743 -2144337945 2034743278 
-0.234 0.0155 1.03
-1214981553 -1271002078 -451519554 1468688380 1191016359 1837877745 -1031800852 1493809034 
-0.244 -0.0994 1.16
-513051873 1912592246 -1484854163 548806489 -275269250 -600460595 -1062220425 -235422105 
-0.0788 0.15 0.875
612821331 738384697 -1467309845 -1228476189 1642915218 164612940 994407608 235546124 
-0.0953 0.179 0.838
-1321651582 397978996 1968195871 139468732 353844110 -683631437 -491088691 -1149171572 
-0.0968 -0.158 1.02
-436637045 347692064 -464073687 -1361338436 1305951670 -924724027 -1607804474 -49564658 
-0.284 -0.156 1.29
-1692676864 -424229420 39321950 1075894452 -1040024583 -16205758 1755219493 -1967842796 
-0.121 -0.107 0.986
-1613312737 -319906865 -2097998145 -685053202 -940643477 -40109208 31421364 -1934919933 
-0.0983 0.216 0.861
-1258397749 -1220624734 -446771523 -742937043 134051751 -368779788 -2090959902 1571419150 
-0.167 0.212 0.905
1658495348 -931927566 678241659 1884083031 306485427 1386885650 1862370655 -1561951264 
-0.127 0.15 0.982
1956165865 -1085158055 220512427 306427702 1413544836 718432835 939892047 -637394744 
-0.305 0.0271 1.18
1989894628 -1740173884 1478724208 2068403027 2053690512 719025769 1013295861 541260616 
-0.342 -0.0341 1.21
1382215167 -278924393 -1682149645 -1119880086 -1344935237 -12794884 -1143644165 1593767415 
-0.267 0.000595 1.07
1756930424 252762525 430781894 38452614 283710153 -1846400226 2132071899 1116474578 
-0.181 0.073 0.992
-14707504 924143122 277050036 1795717111 578648037 762432889 1350476769 983900200 
-0.0452 -0.0424 0.988
-704827221 1543077740 1995832155 735485852 -1913152017 -1057783903 -1359226017 -76313377 
-0.271 -0.113 1.2
-293941478 -457190797 -1543600979 1084682093 -477102722 -282291388 -2085624334 -609896921 
-0.0705 0.144 0.874
1123131502 57796817 409842987 2118956808 413179409 -1029023214 1863433311 -490323070 
-0.24 0.283 1.05
-1699546098 -826608129 928841119 -1400906068 -1852605441 -147162185 -274770561 -675455081 
-0.22 0.0428 1.06
-436252321 964648487 -1501567427 1621049183 -272771714 -835342099 -2048131081 1904082471 
-0.0742 0.294 0.875
-436309764 276389413 494399089 453713887 720737342 -1896745816 -2057176121 1934533091 
-0.204 0.103 1.06
-1105564552 1616304409 165971135 -803022033 1122892266 -7730322 990050291 170859554 
-0.238 0.197 1.07
-97272830 1471278163 342378942 1612765116 278084519 -147677901 1243264197 -73072616 
-0.204 -0.0504 1.02
-650727414 2075721085 936738207 -461971796 -1845543953 -705467497 -6594593 -550695906 
-0.306 -0.11 1.28
182612142 -923633203 -1615497265 -1904227254 399739385 -755079290 2140888351 -696361001 
-0.271 0.0166 1.05
2057054564 -2024477303 430454699 1514255278 283702145 835865370 2069223387 42889600 
-0.313 0.0323 1.08
-1513428387 -1871029741 -1917918165 -699170129 -538131166 -390758068 353359322 1276093990 
-0.0698 0.0632 0.908
-1605831879 -61169806 -314810335 -1874196705 -23754434 486546126 -450769410 -653621713 
-0.282 -0.119 1.24
-2042208290 -465694165 -472478043 -945305747 -487590546 -393230484 -2081459278 489551655 
-0.263 -0.116 1.24
-278145223 -59814026 -427864971 1891260283 -300430210 523088585 -2069500554 -101533121 
-0.369 0.203 1.1
-68469187 1391174646 -419446153 1622273913 -1642665345 -30556245 -2136477702 -244257857 
-0.00616 0.199 0.87
-268659457 -654738323 -1208132183 -6389811 -1509959698 -1040551017 -269813289 -134221945 
-0.377 -0.0681 1.27
-1712942962 1337783015 -1218980033 1233055564 -1783128065 -1027612746 -941654177 -675951481 
-0.354 0.116 1.11
-720949 -1218587463 -1248403537 2006335423 -1778518137 -268972801 -746652693 2144306182 
-0.0991 0.0827 0.913
-1439105544 -329856643 999304211 274913583 1938160600 -1211617410 -13778437 1268649526 
-0.282 0.109 1.04
1737852265 1061645981 145697126 1913156086 678971025 268036121 1343553261 683827784 
-0.0173 0.287 0.835
-1695370962 1102763519 805162383 -461439924 -208160258 -725961834 -275817153 -671273001 
-0.0512 0.318 0.863
-67453926 1476001791 931032927 1815281151 -1850229761 -147063118 -474751009 -67777289 
-0.16 0.226 0.94
-174250764 -1706611064 430421810 457795415 980276737 584664632 880124633 579269024 
-0.103 0.0909 0.914
-1365579454 -1408056295 25824682 1114569444 -773232704 -505804458 1536046265 247267856 
-0.108 0.199 0.857
1700456241 2003241776 -520215452 -1870118093 675712634 524661321 270839284 -1471481759 
-0.0634 0.301 0.839
-1682786262 -843393539 324341535 -865149268 -1850524707 -212189674 -341879025 -541258090 
-0.0493 0.315 0.857
-67128312 2079981429 847211871 1622605817 -1866482689 -683935565 -1011613857 -67777353 
-0.127 0.347 0.964
-294723779 -61897922 -419641131 1622927731 -281023362 -1087462423 -1733824526 -110052545 
-0.234 0.299 1.05
-151617974 -1770455747 759094511 -1614282834 1090483110 -373669466 -1151346201 1599075526 
-0.252 -0.0261 1.04
-170030764 -1200681294 1114808374 2072605687 -1472342729 752472153 73904109 690090660 
-0.0405 -0.00596 0.983
-16842753 -58753091 -1077940673 -174096401 -402655233 -268834819 -1074790401 2012217295 
-0.00671 0.268 0.825
-395141841 -50407425 -1543746401 -457244980 -174064642 -8471626 -812687489 -134377577 
-0.0505 0.247 0.822
1699505901 -1739703492 -319381387 966476243 1850524766 751693996 -1264203290 5946223 
-0.0623 0.294 0.819
-1615717366 -1027935107 324931359 -869794068 -1850508289 -82125258 -879069681 -819114602 
-0.097 0.191 0.858
-1162824689 -809830913 -1222811765 -1400963412 -1785259129 -205895273 -274768501 -676509794 
-0.118 0.138 0.901
-1264811688 -1357640439 220738858 1376397295 82397061 299583580 1029044169 1518952600 
-0.229 0.276 1.03
165817135 -889521155 -1342380709 -2066240502 -708580741 -92996962 -477799106 -562102281 
-0.186 0.0926 0.964
-1174214566 -426192627 -1953489505 -999896402 -1041257527 -179680434 -1147252560 245963794 
-0.182 0.263 0.904
643001661 -128036911 -1922441053 -1872509089 1716645310 1050186573 604364275 -800931990 
-0.247 -0.0192 1.04
317127502 -1533028101 -1388481109 -1235817428 1442149255 -240235562 -15902422 1569654471 
-0.161 0.324 0.933
-41955623 929901230 -157355283 1804755963 -1367349393 -9974279 -788534282 2044846125 
-0.0794 0.145 0.88
1215883552 -134754992 141305283 881235248 1212299784 2104113730 1761975663 -356089261 
-0.168 0.261 0.907
-1187916502 -275457667 995655007 -533807954 26680267 -1754650537 -82159705 -543880170 
-0.216 0.303 0.926
-1613583226 1119402093 326313919 -596841812 -2119696389 -477430218 1675245076 -2023273019 
-0.211 0.25 0.915
-21858098 -826344209 905240255 -563609940 1409252279 -491100250 -1419772269 -550537854 
-0.0752 0.312 0.919
1693858046 1381531437 431418985 -1106829558 50197998 -890116180 -1824457773 2001649123 
-0.0644 0.0983 0.886
-1103484812 1616041245 698461383 1344395366 1676538328 -1651874994 990500785 121514576 
-0.0147 0.249 0.782
-1674159862 1656673647 601640093 -986194260 -1011123218 -47006908 -1949667273 -550683626 
-0.031 0.21 0.861
-1830622498 -685984309 -1617617005 -562114808 -1662141651 -490846274 -69969126 1454167463 
-0.0679 0.158 0.834
232563488 -1207956622 -395927274 881484131 2082884626 493738002 -986339828 692882146 
-0.224 0.268 0.978
-1623811637 -1581458267 391600813 -415826196 1207919590 -407712266 -874873977 -676789234 
-0.0176 0.304 0.862
-722323922 1509454575 -1207963713 -1090519476 -1242038785 -1028721771 -271622370 -135272465 
-0.119 0.122 0.87
895838648 -1253750136 -912067856 324084115 -280173560 147189353 887475173 1758654561 
-0.0701 0.167 0.831
1391538219 1201733073 1483071867 -1127433176 417471129 -1028228457 1796234255 -1395735357 
-0.293 0.0309 1.11
1461513725 -1404576871 413578871 889942499 1785259537 1064957032 1900399595 1859582834 
-0.28 0.0612 1.04
1298040585 929675952 1685982573 -192793667 137244214 1294055571 -1070399506 766083786 
-0.139 0.244 0.857
-973334713 -1883428182 -1231030322 1809721044 494622471 1089423761 -721470868 1971452044 
-0.244 0.249 1.04
-538026795 279934508 651677396 1806955985 -348162946 1212147113 -2132071597 1903557509 
-0.175 0.205 0.916
-185849602 735925391 447018707 -1084768949 -1711680181 -2131333272 1037433819 1784605863 
-0.165 0.209 0.905
1116922149 -842658471 145301738 341692786 2051164312 836379466 1007000689 -1966990783 
-0.399 0.206 1.18
-311750887 -18111658 -419673769 1622535033 -317199746 -14369877 -2001997834 -110035969 
-0.241 0.211 1.14
-311846359 -1159001228 -420321194 1620070387 -331887522 -1622820695 -2069647380 -1318016963 
-0.0845 0.14 0.917
1818383167 2027558775 -1879718839 -1262498741 -275273346 -600529972 -1081508526 -679825545 
-0.0714 0.000312 0.943
1164776207 968719906 -464007556 1772060637 -1374210794 -864710495 -2073330874 -251268338 
-0.0267 0.245 0.871
-88220186 -1348999697 1066983322 191233140 328594381 -364549 -84076677 1536587985 
-0.153 0.288 0.85
-76562535 -51672138 -151592716 1638952955 -60890514 -13764165 -726676482 2045892669 
-0.123 0.148 0.894
-1152940798 1734910934 324731157 1093675808 -1593592983 -553543622 1134179885 246679733 
-0.0788 0.151 0.874
-1785419425 -1392239733 143306971 -280760082 1911088529 -1461763747 1062172348 235501194 
-0.0669 0.182 0.857
897870417 438896130 -1002262410 1507042037 -1675072463 952621192 16753612 134459560 
-0.00429 0.206 0.889
-650934 2013101165 939483053 -281083924 -2080401426 -1041009771 -1948583465 -537015281 
-0.176 0.24 0.912
-831599569 -188836017 -2015444284 -457708168 -272932769 -12671515 -2138099869 -596066785 
-0.0419 -0.00855 0.979
-293834370 1482317693 200797229 -803791025 -201335298 -858151988 -1752958477 1399766887 
-0.185 0.0766 1.02
-69358079 -1612084740 -261082114 1926816693 478047047 1942912179 -390095156 -1451128676 
-0.00679 0.258 0.9
-59453189 -1243849361 -1078558999 -6938833 -2013293145 -776572955 -1082197037 1607449719 
-0.211 0.309 0.91
-124083152 1542185940 50106198 1076951889 -1726502279 -553599174 1236520953 -1569437003 
-0.0609 0.167 0.88
1707907901 -127184045 -1501631486 -2070780551 -324735938 490707081 -978981042 -245455249 
-0.0278 0.289 0.831
-857599190 1174065919 -1342378615 -994660856 -709362178 -928728172 -1953596354 -537063785 
-0.123 0.31 0.902
-9478503 1894716022 -422098315 1639934331 -281023362 -836388887 -2132612110 -244253889 
-0.218 0.297 0.935
-2003373946 -927053827 332479902 -865149236 -202663425 -799312026 1871646909 -1750253680 
-0.141 0.221 0.856
-356853264 -1000878615 178782667 1382332990 1344797666 -208000238 2064028921 -1968890992 
-0.0715 0.146 0.88
-1818440377 -1935212342 -687622242 1265360964 1931625267 1620004982 1280247340 76118972 
-0.275 -0.00596 1.1
-1769543610 -1029398328 -1987988550 457566948 -1821872255 1637763846 1004479128 235630976 
-0.0738 0.292 0.87
1711158524 276397601 435678769 -1693770273 855479487 -1896221528 358742999 1397663202 
-0.0774 0.129 0.858
1098491172 -806097451 409773395 878490898 403937817 384842266 1829084271 -489256253 
-0.26 0.204 1.09
1618523516 -44577288 162311474 273340183 2027281948 402143834 2099629563 1942915824 
-0.0799 0.172 0.863
1404385281 400620973 1349942255 -271280962 410925709 -235668297 1112693255 -1110882102 
0.00141 0.31 1
-411944450 -788824089 -1342706643 -8937650 -134220290 -927337588 -1747977761 -142622745 
-0.13 0.166 0.879
-378795752 443133460 38674774 1745884051 -1741616016 477206552 1085468615 -1569683018 
-0.232 0.275 1.02
-1640588850 -373369619 362142863 -412680468 -738233369 -172339210 -70290753 1470957334 
-0.0779 0.198 0.853
-317547078 2002556221 1927154077 -467656786 27243468 -548304005 -744819277 1069288474 
-0.184 0.271 0.902
-1354543681 -127002667 1205455381 -1246009223 -283719559 -1084386579 -2069016770 -730136769 
-0.126 0.3 0.875
-848610503 2112592758 -419633065 -1598780077 -334057858 -1637499943 -1062998658 -1183675777 
-0.164 0.185 0.914
-1165063310 -837176183 195894699 1529801326 -1779596343 -236303586 2077767642 1320044433 
-0.156 0.31 0.939
2017049400 -15086086 -1451991626 289593151 -1731781873 897210906 -382678561 -207191951 
-0.00444 0.233 0.852
-638552022 -621249171 670891791 -1367892308 -1845502993 -218990714 -1415881441 -8430121 
-0.101 0.0883 0.932
-1084473812 -76108830 -1351272940 421754735 579337183 1062916652 561104870 -1827735112 
-0.071 0.0837 1.02
417499258 1196480839 -1146858005 -1669952502 -1847481624 -235525346 1536192795 1457392887 
-0.226 0.0449 1.09
-436583073 1887395447 -2080381827 -266387617 -272638594 -831147316 130285559 1919729191 
-0.01 0.313 0.89
-1699563250 -1044711937 727567775 -998834484 -745063441 -189123690 -342926017 -675467370 
-0.0925 0.0794 0.914
-1167528776 -127940780 -1879751151 289099123 -275273640 1062745710 -1180579469 -631333001 
-0.259 0.193 1.08
1207024939 -672211467 1853417851 -1529561928 412510783 -470500649 -499753938 -1109664049 
-0.225 0.269 1.01
1323479470 -910262305 -1610744357 -1501627320 -2016157700 -771857506 -1081123521 -690065705 
-0.254 -0.0167 1.08
1813645432 1129418505 166069281 1344439047 149464264 147893000 420541907 174983234 
-0.41 0.113 1.27
-403016961 -117481619 -273158531 -2129953 -268444162 -889325587 -1226310698 -143655057 
-0.382 -0.043 1.27
-75646645 -688280212 -432252529 1792380860 226438127 -236836733 -1459988154 -112079458 
-0.27 -0.011 1.06
1893100150 -864805941 1306571259 -1622300094 1391382505 -523306212 2002121246 -1897237023 
-0.379 -0.0567 1.28
-202639733 -541220634 -144803009 1778159517 -1657300097 -240165677 -452994722 -106835777 
-0.365 0.104 1.12
-310585717 -1073905740 -1216942241 -442614311 -1380474881 -545391379 -989863954 -35783489 
-0.275 -0.118 1.21
-1637720085 -423702429 -1486958915 1438117480 -944247810 -273753116 -1949404298 -550635753 
-0.333 0.217 1.13
1165432329 921321332 1954179965 -1533794087 739642975 -832193375 -2144182746 -1119631153 
-0.321 -0.103 1.27
-88157874 -591407893 939351471 2121203692 -738208786 -239465577 -874581505 -542304357 
-0.301 0.115 1.08
1470394733 -1111220243 1286928979 -1076397614 1584154265 553345741 1012226927 -19235638 
-0.119 0.314 0.923
-276865127 1887377974 -430486787 1638989693 -297831050 -836398623 -2140476430 1898029615 
-0.383 0.21 1.14
-9760995 -219438378 -421609387 1622272889 -1374228865 -13846087 -1062735878 -1183781953 
-0.295 -0.11 1.19
-1683582966 -877070465 -1747100257 -868295444 -1783419905 -142656618 -275030241 -675476329 
-0.302 -0.11 1.22
-1155100658 1270412767 -1814071905 -864101140 -1782858755 -679855210 -6597153 -692236905 
-0.174 -0.0908 1.1
-45642095 -135290186 -161873036 1638949877 -1407275397 -16409359 -1061245188 -1460551619 
-0.262 -0.119 1.2
1332168381 -118549962 -419968427 -440578693 -300487554 -1909606423 -2136739982 -177160337 
-0.424 0.121 1.32
-437111105 2021538676 -16782723 1956064735 -1342185986 -890898771 -2069626890 -177017489 
-0.0686 -0.127 0.927
-1510518179 947853858 -413668803 -275025955 1874707766 -936536895 -2073302074 1895937839 
-0.306 -0.123 1.31
-1650295422 -406927657 -1487223107 1144516268 -978093074 -283976988 -2087832523 -541756411 
-0.261 -0.0873 1.14
-982376674 859814579 -144806339 -729403571 -1533018313 -31090512 -1020264514 1973806503 
-0.0938 0.091 0.908
2119912632 -263002800 427625012 287429491 1778891128 1058584170 690080243 -1436118159 
-0.337 0.122 1.02
-117850134 -673317377 -4391493 1071119678 367000495 -252548169 -79734405 -2630433 
-0.0866 0.209 0.88
-1146452334 1136193815 -1286142177 1076539052 -1786569729 -685466570 -1013286961 -692253513 
-0.383 0.209 1.14
-277917927 1970242198 -956383003 1622205305 -297867650 -282740263 -2136543238 686862911 
-0.367 0.211 1.12
-68448739 -630479882 -161526954 1756939097 -1674137985 -13779269 -994840610 -1317942851 
-0.272 -0.0409 1.35
1164736313 1063215093 -323031435 -1248379557 752194590 -1636453651 -1255809162 1977547903 
-0.281 0.108 1.03
1972850029 -1589227899 149332592 -15654445 1852368400 684847209 4586405 684914762 
-0.727 -0.102 1.73
-1990033118 1639487317 -2108685043 1144917032 -2121061384 -583746922 -1014343641 -831255017 
-0.00308 0.207 0.893
-42575446 1962762093 670494381 -407396372 -436210194 -864813083 -2083587081 -8537065 
-0.288 -0.138 1.26
-1670980150 1740559607 -1210167639 1656143404 -2053638162 -274428956 -1950449805 -541633529 
-0.29 0.0198 1.1
1695896925 -1119400302 1760208928 1937863511 1785525298 215601737 342204657 690123304 
-0.296 -0.136 1.29
-1629299070 -155286425 -1487878497 1077411436 -944538625 -6381852 -1965148619 -550144747 
-0.163 -0.103 1
-77886063 -1072202 -228966124 1622697973 -1122522241 2133178547 -1062301972 -1447966659 
-0.226 0.0336 1.05
-411287077 -1266983371 -2097683347 -165732389 -285223554 -327305016 -2055013905 2018420583 
-0.232 0.035 1.09
-411409924 -128229867 184001653 1899699547 -359277448 -1909868696 94497267 1651948391 
-0.067 0.0605 0.931
-1173312210 -401437351 162005135 -2073507602 1137343448 -1076221106 2064209081 101387856 
-0.00405 0.238 0.878
-243778289 -755237377 935132559 -1393115252 -1847608337 -159765609 -5513761 -142750305 
-0.373 0.0532 1.16
-302054642 1962740470 -419526595 1639771101 -58724994 -861548143 -990904322 -1314805075 
-0.277 0.0203 1.07
1990044772 -2027557495 413381626 440988150 275277441 601516850 2018883277 717439168 
-0.00734 0.259 0.874
-470805473 1509654199 -1476399761 -455114801 -1214276098 -1057115489 -1750336041 1466822639 
-0.293 0.0136 1.09
1838920976 996380432 1089112118 1342239735 677936721 525580859 136687341 711090888 
-0.0686 0.167 0.863
201887668 -1085854792 2024581654 1353277779 676128345 524880760 1948616696 567868080 
-0.0502 -0.121 1.01
-278177985 -127969674 -402666411 -188776613 -292037250 -276974643 -2069364750 -176373889 
-0.0539 -0.166 0.979
-1615454834 1673062133 861653917 1765146348 -1850508289 -300221776 -874562035 -675975785 
-0.0787 0.142 0.87
-1367023274 -401997543 -1988053881 374073190 -135674471 1574650698 2144146073 370026000 
-0.317 0.153 1.04
96948951 946739842 -310121951 -610597307 -142752458 1216730605 -1796246890 1429910828 
-0.0826 0.163 0.925
1189967222 1754553807 -1346767167 996113474 -470297106 -1057070132 -1077077741 -682197147 
-0.372 0.0267 1.18
-738198933 -755384980 -285935169 718725052 -1778385937 -236290425 -356622498 -42758689 
-0.226 -0.0732 1.17
-1661546370 -925305489 804609951 -566240178 -1577059841 -570792050 -3441761 -679531177 
-0.0448 -0.0407 0.979
-318950177 -86157841 -1078133045 671088605 -1476931073 -1027708955 -1091577349 -148374281 
-0.0492 -0.129 0.976
-411478209 2030002038 -268440499 -1264623777 -275260034 -831671603 -1767645706 -176373905 
-0.177 0.217 0.949
1424777214 -1730318163 -1615528237 -807441333 -268581813 -1560320068 -1077576709 1440677351 
-0.0854 -0.00937 0.942
1092394341 -1302151180 1278126319 1954886034 2021549697 1011955857 1948621871 71887320 
-0.148 -0.0479 1.04
-278311123 944705404 1828694101 815090139 1851780316 -1939230007 -1331560986 -1588413602 
-0.0579 -0.111 0.83
-311730241 1895765622 -420033467 1706495321 -275252098 -832194839 -2136217226 -109789393 
-0.11 0.211 0.866
-347536335 2034960180 1190881364 817382227 -1374255016 528331433 -1801220384 -1603237251 
-0.0808 0.163 0.869
-1711817982 1336984042 -481288786 -857437044 -1847378962 -259589614 -344051684 -5829419 
-0.229 -0.0484 1.18
-612962130 1572658669 1073053583 -327229748 402627567 -210077801 -6399681 -671146281 
-0.079 -0.0796 1.01
1106391147 1357462629 1282926971 -1126790774 473304220 -1057899885 -502244274 -179139122 
-0.0661 0.141 0.836
2046557701 -659061770 1735450234 837680732 1930852799 2066282147 -1373172100 -479759915 
-0.0322 0.224 0.814
-1206677438 45657137 1884363199 1281923980 -1858135641 -788394734 -904235891 -2094989168 
-0.241 0.294 1.06
-617177717 -1497825803 308173311 -440467732 -2118442005 -180635465 -1009091793 -1221226 
-0.212 0.321 0.93
-127171567 2079041492 1121848151 1622207345 -1206474119 -551239781 -1061425158 -1603220811 
-0.0525 -0.0552 0.947
-184765701 2073654639 -7012453 -1344881636 -1241541169 -789426267 -304293 -12604273 
-0.0569 -0.121 0.987
-445949153 2029983350 -421540763 1689735001 -275252098 -869428535 -2068878986 -244271313 
-0.0808 0.169 0.869
-1683310077 1403629036 1162894766 1224116924 490154991 -235505513 -386262964 -573470564 
-0.297 -0.11 1.23
988314798 -924942867 264109787 -1084228405 1744292313 -1291950164 -1077585453 -681672745 
-0.347 -0.0637 1.23
1408040655 -1749222161 -15400981 -1344365432 -671131737 -475050505 -268478162 -572533361 
-0.0627 -0.0669 1.01
-621233297 -675422737 -1346609781 -1090585172 -1778420785 -235246697 -71410305 -543203617 
-0.0909 0.187 0.875
-1188983918 1872347582 -1278182121 90345353 -1853383857 -681178246 -4587272 -71988169 
-0.29 -0.00727 1.16
-1258681516 1178366178 -1445032288 1524870927 -1058144346 545706764 -1988171822 1261433253 
-0.00874 0.276 0.849
-293937381 1979701111 -1478603699 -457793667 -408944642 -46875699 -2085683725 -5398985 
-0.384 0.00588 1.31
-327453957 2027541871 -273332053 884399932 -404770386 -576059449 -1163175469 1999087135 
-0.156 0.309 0.934
2021358266 1348197731 1840532157 833068863 -1026180690 -47175703 -1155474989 2070316411 
-0.382 -0.0569 1.27
-67108965 -537943050 -161580225 1777905597 -1623733377 -206578445 -994062338 -106835521 
-0.323 -0.0302 1.18
-1517185255 997138225 -463541195 -998103073 747555862 -1906206471 -2144864274 -242621398 
-0.26 -0.12 1.2
-563945685 -419506315 -2021765539 -457708440 -946607106 -14239036 -1954119881 -545473449 
-0.353 0.118 1.1
-17252753 1006304749 -1178640449 2128543661 -2013285497 -202413642 -612728881 2010105239 
-0.377 0.113 1.2
-201476597 939098085 -178815105 769539485 503259015 -730465097 -965026993 -171064114 
-0.209 0.109 1.1
-31823368 1649858873 166593727 1344461615 1122892712 -1080423570 989984243 40779378 
-0.163 0.322 0.973
-528828104 -681976341 767319459 274898751 -791299154 -1313731810 -80362021 1538164450 
-0.0111 0.23 0.871
-344174466 -654344721 -1347060211 -278962227 -134229506 -260348017 -1076897321 -142745705 
-0.344 -0.0318 1.2
1314940411 -580978245 -1346541877 -1264595926 1742598974 -5494801 -1090421454 1439620983 
-0.198 0.109 1.05
-1173182118 -963079745 -1952967281 -999895380 -1846821905 -242595066 -73509703 -1901126638 
-0.00954 0.191 0.889
-201819749 -671228433 -1212908113 -268984403 -1780499473 -793609785 -1140860457 -538059593 
-0.135 0.15 0.952
-1173176234 -1065689085 300093865 1479072620 -1020683280 1704624922 1267396753 44499712 
-0.23 -0.0845 1.17
-562907990 1775949183 1005964447 -1539383704 -2120238594 -549834770 -1148494533 -679604649 
-0.0914 0.181 0.87
21220103 -252800138 -430260155 -1531592615 -283711362 -15945531 -2068902868 -1787775121 
-0.381 0.143 1.14
-84034418 -541461009 -1080696929 805306284 -1778426897 -201699401 -42145 -537535073 
-0.221 0.197 1.03
1707896685 -1085396044 -323048878 865280211 1819067999 249953020 -1259999252 165345517 
-0.0776 0.22 0.84
-453946497 -1739647315 1253828673 979197787 -297941634 -2130893879 -1801069069 1708195815 
-0.11 0.216 0.87
-312016111 946475574 -422100907 1689782617 -314669954 -869945207 -2069172602 628140607 
-0.235 0.0333 1.11
1702704399 947871668 -327160707 -1314963489 2128469302 -864161627 -2077884433 1901574127 
-0.0791 0.178 0.843
-1315229119 287346016 1685305774 1222673333 338046374 1082298371 -1468362620 -1725890552 
-0.0821 0.132 0.903
-362649282 1759170847 -1952643963 1077927787 -476071426 -583531698 -1148463629 1446260535 
-0.373 0.113 1.19
1367193227 1069121508 -178815105 731790493 234823559 -672793419 -461743282 -40907570 
-0.153 0.259 0.988
-92607280 -300424942 -1176234185 423679799 -1840391373 2005622378 -348748039 1806127136 
-0.215 0.289 0.942
-864658053 2013159293 -1342247699 -157843862 1862268414 -269112339 -1819836489 2139012679 
-0.392 -0.0422 1.3
-101336534 -688259731 -145457777 1828102060 -1778435121 -235677545 -335914033 -9056866 
-0.0451 -0.0297 0.914
-352387586 -50373139 800915147 931135340 -471870465 -352689172 -1074800129 -135266473 
-0.558 0.308 1.68
-313790927 -17849514 -419675529 1622199089 -1942558081 -9979189 -1464340490 -1183786435 
-0.226 0.0359 1.05
1702458891 -1635942814 -461443527 1033060317 -1365942505 -923414335 -2139948090 -117180626 
-0.781 -0.112 1.87
-1692401658 -1062566507 38797599 1279084680 -2129458215 -145215454 -494265307 -2077226987 
-0.379 0.0638 1.18
-444892645 1895538550 -419501971 1622646687 -310395394 -861818431 -2111046186 -43798961 
-0.31 0.0324 0.926
-444964070 1895533366 -419504003 1622510527 -379601410 -853167223 -2136278570 -109999505 
-0.289 0.0402 1.13
1570703713 56716172 275126135 2132844771 141176416 553121816 5290647 -1393506064 
-0.343 -0.0249 1.25
1575227451 997760535 -2039028393 -308924853 -1934316417 -864683875 -2083389554 -599225105 
-0.118 0.222 0.919
1735158136 -62760166 -1347492766 -1328346013 1657594906 1022227405 891667962 1516158831 
-0.363 0.0613 1.13
-444964070 1895533366 -419504003 1622510527 -379601410 -853167223 -2136278570 -109999505 
-0.369 0.046 1.14
-8487925 -83976323 -1476465985 1689780205 -2013265921 -9716828 -2085617674 -546701545 
-0.239 0.23 1
-1637425253 -189884810 -405124907 -440939415 -275256450 -47928339 -2136053454 -579224001 
-0.228 0.254 0.981
-1700726738 -826346033 -1084360929 -1938826196 -1819059235 -218474986 -1348512481 -675455081 
-0.209 0.291 0.914
-353079106 -654354449 -1078591969 -1342185652 -136326657 -788830227 -1076929577 -142737481 
-0.169 0.206 0.907
1161460001 1893900149 1283450989 -1273734926 1850879128 259109061 122151 -1538643382 
-0.0641 -0.0728 0.881
1525923594 -944770062 -495140481 -1532101528 -1870234753 -282281325 -1020916162 -1108879641 
-0.122 0.311 0.893
-294690887 2110755710 -285284139 1639181683 -297800578 -1624393751 -1868173326 -110052737 
-0.347 0.325 1.14
-59810823 -143814618 -422163772 1639157553 -868228498 -316239895 -1996559374 2045818943 
-0.062 0.285 0.8
-1632461814 -960825859 324800415 -869794132 -1850508289 -140861898 -878741985 -550679146 
-0.0676 0.047 0.785
1041824632 -334325447 699931787 -1876768338 1120760704 -1110824114 989910515 185536338 
-0.0412 -0.0199 0.992
-361333378 -52470289 800972489 -1484784049 -471870465 -122018867 -1081091589 -672137385 
-0.241 0.227 1.01
-1906122853 -189885834 -404862763 -457782167 -275256450 -14369819 -2136052686 -570835393 
-0.023 0.305 0.86
-941222177 1492873831 -1208488387 -272667063 -268446338 -894568539 -2014610474 1971191727 
-0.207 0.091 1.03
-327278212 1616305933 167093473 271317327 1659761912 -1931812024 994178035 41840483 
-0.228 -0.0091 1.09
1979580075 -1762001035 -42008741 -1248379457 230129551 -655705 -1552023729 -11600674 
-0.294 0.0149 1.13
1709002996 -1203286484 1218622048 989942231 1785517072 148501609 342207173 541244264 
-0.297 0.11 1.1
1704813261 -1738207328 2091039358 466166231 2121024529 13235241 342207436 558019048 
-0.072 0.158 0.924
-1332561570 -1491666775 696956331 -699990354 300775297 -526759650 2132801451 529355906 
-0.215 0.195 0.906
-62939887 2000012434 642400764 1881192252 3879846 1865587059 1111142385 1000423432 
-0.237 0.00846 1.03
1719303037 1348688754 -294130591 -1264892581 1787096126 749515469 -2145260170 -246500497 
-0.0689 0.0025 0.94
1425504472 -969549757 677807801 -1092241618 1089271203 -358425248 55899987 1864856674 
-0.0669 0.0672 0.923
-31921800 -535389943 162333835 -1872504402 1120762760 -1110824118 989909491 168696658 
-0.378 0.0985 1.16
-436586561 2046771188 -268439939 -1264631973 -1344283266 -890374419 -2069364746 -243335185 
-0.361 0.249 1.25
1098462497 1500204916 1283254385 813766419 2081823774 242266817 606444903 -247289238 
-0.284 0.0884 1.01
1707572957 -1167114576 1420225137 2140218195 779928631 179688617 -2073694230 826470890 
-0.0915 0.159 0.899
-1737978070 1874383199 -1554234081 -1003058136 -2053915681 -10085866 -342223554 -558101481 
-0.0692 0.103 0.877
-1700361022 -2020280947 277485534 1868888228 301691849 -212112074 1541280265 787832208 
-0.224 0.0241 1.07
-444737553 -1174446099 -1363804581 -1214349349 -285223457 -587369751 -1226318865 -237043841 
-0.285 0.0402 1.06
88975333 -1343288330 -826612632 329148483 -280050118 1584263412 337980988 1154673261 
-0.0664 0.31 0.859
-1615709142 1253635965 326127391 -868746004 28539869 -10830298 198915591 -545436457 
-0.32 0.112 1.17
533712769 -1230044542 -431566092 1670472433 -299211225 762174689 -2130826652 951185709 
-0.0916 0.087 0.895
-1173161142 -398802629 -1381495637 308987884 1391294886 -41284798 -81013254 1529284112 
-0.228 0.211 0.946
-554804009 1895786028 -1495806244 1807219953 -281021330 -364910679 -1863603247 1903557381 
-0.166 0.206 0.898
1661706532 1776471892 140583268 -1340585517 1866598424 492417115 1409387557 -1596847551 
-0.221 0.195 1.01
1470037825 -1218011468 1283123449 -225365514 1316775588 781252833 6668207 701231688 
-0.301 0.0511 1.02
-1097013164 -1895511927 427988922 1514791654 275277761 836456266 996123293 177043584 
-0.0563 0.302 0.833
-604849142 -1011286025 327110463 -864616788 -1850262529 -742719818 -879010017 -676510505 
-0.269 0.123 0.998
1198218113 812584500 1147095140 1888556787 -300127178 1865781441 -2136856347 2035331852 
-0.212 0.0566 1.06
-293962470 -386181249 -1879292865 -197140609 -404750850 -8801331 462159351 -25313737 
-0.0682 0.00259 0.896
1699295073 927862716 1287301216 848306611 1819076108 247838937 -1868190236 701688428 
-0.324 -0.00698 1.1
764688089 1044791193 1961863799 -679382069 720159793 -1639328659 373684152 84571690 
-0.0778 0.137 0.897
-1699550930 -393028227 162107595 -2106599186 1407412680 -237360314 2064602143 -1907413166 
-0.0916 0.165 0.913
-1142836178 -893656650 -1285982434 141483149 -1852630049 -1753409998 -409254004 -214610539 
-0.219 0.296 0.939
-1734968922 -927053843 334544543 1331928716 -202637841 -128190620 1070534845 -953860848 
-0.247 -0.0375 1.17
571703028 2019725168 1827793456 -1849572557 1917119544 780727913 -1474199364 -1723686040 
-0.234 0.283 1.03
-1640588978 -1380002579 89480879 -830472468 -738233369 -172339754 -874548305 -542308842 
-0.0682 0.144 0.846
-1212378924 -1986695512 830701486 1263156951 335353217 7030076 1434379201 1669685376 
-0.0667 0.307 0.855
-1615668214 -960957059 324538143 -868811028 296958941 -77939194 194713095 -566403881 
-0.38 0.156 1.19
1491382655 -883360259 531920371 -1092686838 486327023 -234984546 -11182309 1474219495 
-0.0765 0.241 0.866
-1723687037 -407989262 -145079747 -2051643284 -1516819657 -15950601 -961608132 -575028163 
-0.0763 0.217 0.838
-1719693174 1136259531 -1286253153 1332125580 -1852630065 -781033930 -338013873 -677049194 
-0.0356 0.226 0.824
466916999 -1741802838 -193388673 -844143924 -30520489 -210774858 -949536242 -978716746 
-0.0659 0.0221 0.975
-949355645 -1129603726 -300520338 546440893 -815838938 2137856195 -1599140508 -116157924 
-0.0467 0.267 0.87
625829880 2101824268 -1884887439 328409411 -296958856 247854952 367381494 1214167141 
-0.0673 0.0568 0.769
974191468 -938305223 1839307919 -1874147090 1389247374 902456070 990237146 -1693512102 
-0.585 0.338 1.79
-278147271 2146149206 -419675817 1622206835 -1927894402 -14369877 -2136289802 -1460610433 
-0.395 0.0813 1.24
-411961025 -117761162 -285283201 551374847 -10498562 -17976629 -189800962 -648827289 
-0.219 0.311 0.961
-84488050 -654674449 -1208655969 -276832308 -201336321 -784635994 -271623201 -684875881 
-0.0505 0.303 0.832
-67397622 1408892789 310340927 1814495228 -1867006977 -13387629 -1013710881 -203060009 
-0.203 0.311 0.9
-129268719 1399564180 1457406838 1622197113 -1138775429 -552297029 -1062539272 -1598977347 
-0.0705 0.0966 0.833
-1634206140 -1207532360 1686739642 -691412250 1382835921 868894059 -26757464 318862216 
-0.214 0.318 0.946
-605406037 1408825191 -1208660129 754359336 -1785218049 -759906666 -476422305 -536949513 
-0.268 -0.0779 1
-167780961 -16812369 939458271 -423625383 -272664577 -298061323 -2014838933 -135397649 
-0.314 0.13 0.886
-1381093 -118518794 -964804545 1623124989 -818418817 -13714749 -2134913154 -111027395 
-0.16 0.334 0.962
-50349239 -1753409284 -323036693 1926410175 -1937774746 -522040431 -1191247874 2044977294 
-0.0326 0.263 0.771
-1671275606 1186648439 -1485550435 -1003058136 -711738898 -281625658 -343262153 -545453033 
-0.571 0.328 1.74
-294924495 2146149206 -419937961 1622206843 -1390957954 -14369877 -2136289294 -1460610307 
-0.0687 0.0585 0.879
706280312 -65894085 -306692949 -1878881489 1120795526 1028262734 -81735182 453971834 
-0.115 0.0627 0.342
-26243299 -210795626 -956415788 1638982513 -299963782 -13845575 -1063063558 -1469011139 
-0.285 0.0191 1.07
1700100984 927288864 1218881633 2004956083 1751970820 214026313 275114721 688304170 
-0.0504 0.309 0.845
-75786230 1475991413 41831935 -466165844 -1850262529 -13452910 -1013252257 -203092841 
-0.231 -0.0255 0.944
318438223 -1541743239 -1391657493 -1874407764 1476227974 1974340551 -83534533 1594853194 
-0.319 0.0784 1.07
-1526583984 658901680 1223336497 1342251815 676112016 243374440 270918880 176353320 
-0.377 0.208 1.13
-68469219 -756309034 -153099465 1622273881 -1642595713 -30556245 -1061163010 -244192323 
-0.162 0.244 0.869
1371191054 1136177586 -48382530 147778444 -1848697929 -703931982 -415295542 -2085632826 
-0.274 0.0178 1.05
563671400 -1655321095 153435434 306844599 281812609 299527762 2100675055 -1949695424 
-0.0579 0.237 0.872
708504388 -864645848 162303214 1383842798 1592682672 1904878402 1023906299 181350992 
-0.0564 0.219 0.827
983362125 -1670341207 1218714111 -95685922 476999045 1909088534 1582693326 25891274 
-0.188 0.19 0.936
1457813615 -1734771415 -1380057877 -1092616886 -1006767730 -252025972 -1085187237 2001643463 
-0.145 -0.0204 1.1
-411478513 -1191241098 -428348803 1637826009 -275260034 -831672091 -2065236122 -245497873 
-0.0785 0.193 0.867
-1650511295 287935592 1683184044 1273008820 226372038 1103286275 -2005258108 -1323237368 
-0.0039 0.298 0.892
-1669932018 -490810259 131878029 -1002971476 -1010828818 -47012028 -1953859785 -684901353 
-0.365 0.0488 1.16
-33680546 1375336175 -404763219 1823932365 -2051031554 -1062759531 -1947566114 -147984721 
-0.201 0.297 0.877
-363098860 -219437164 1121648983 1613818737 -1743848839 -16205030 1084747769 -1594831947 
-0.127 0.233 0.854
1265989677 -1740375236 1761536119 -1131325957 2052914195 1013821579 -1809719418 1766235122 
-0.0488 0.266 0.867
1204103013 944389940 -855906189 -1231461933 1853670420 248377529 -731775348 894610382 
-0.0755 0.0939 0.905
-434153007 896994816 1151764704 1392522231 1785492644 747669993 275049457 729887272 
-0.175 0.289 0.872
1525594875 1469183467 -1078698081 -1075389400 369081295 -206409794 -78095525 -538030881 
-0.165 0.321 0.93
-42226167 1449769078 -428457601 -521090115 -1942016138 -207119197 -927269434 -1184268242 
-0.207 0.313 0.911
-363098856 -145782860 1121583573 1085334385 -133256584 -1089946757 1084747257 -1460614603 
-0.0532 0.0748 0.974
-218570834 -673317659 -1078689991 -1117896946 -1818766353 -495419649 -671162373 2140067295 
-0.214 0.313 0.923
-367293132 -135813196 49809686 1075969013 822520569 -15156454 1218955257 -1963959659 
-0.233 0.0342 0.749
1448267260 -465053285 145622241 -1760607381 1657336360 1069166440 2063917555 1860581219 
-0.208 0.314 0.914
-75789287 2011931606 -698662049 1622207353 -1676235905 -13779013 -1061425154 -1192113475 
-0.109 0.21 0.837
1733116613 -1872229854 -462218712 2073625565 -293812954 1753601249 -2132104508 19116845 
-0.0741 0.00199 0.894
1370258147 -1773363331 1278667483 -1076393806 1551787212 -1158646035 -1330291929 1566227658 
-0.0794 0.0349 0.975
-1972728533 1743755221 130826245 1144449073 -317478312 -1122723169 1217011051 -587690437 
-0.0683 0.104 0.816
339638722 1723108451 493000440 459782828 1105424290 1620245860 56504903 -821087168 
-0.281 0.0516 1.05
2102167193 1061927732 -1327585452 -442867229 -1400058277 -1083319108 -776867858 215534646 
-0.102 0.0761 0.907
848358836 -834229807 430514971 -1806835642 1375914649 851981946 2131072185 -2033550383 
-0.127 0.321 0.936
-303099061 367596076 -422163987 1723731929 -46168722 -1066944367 -991233074 1978764463 
-0.012 0.29 0.828
-604586610 -71303169 -1218609249 -302055444 -1783104513 -138675530 -270573761 -671265386 
-0.19 0.294 0.899
1720920445 1213366219 145743979 -1102973842 1928131768 -1462033651 990238105 373981155 
-0.0608 0.274 0.777
-1632199666 -1027934219 324964287 -869794068 -1850508289 -149234122 -874547681 -819106410 
-0.289 0.0158 1.11
1704806876 -1337635288 1218620000 989934551 1785525248 149024873 342207173 692515168 
-0.116 0.0721 0.409
-621101973 1476132343 -1084993665 -1527325384 -1852326913 -206160233 -340763297 -78601 
-0.247 -0.0519 1.27
-629870418 -587276803 1068850575 -1400971572 -673195025 -243652617 -6399553 -671146017 
-0.21 0.312 0.922
-638929878 1543239543 -1275179233 540466956 -1785218049 -550191434 -946118817 -76165929 
-0.232 0.213 0.964
-1905860709 -189885834 -405124907 -440939415 -275256450 -14369811 -2136053454 -579224001 
-0.045 -0.102 1
-134234161 -1082138691 -37814337 2009530367 1593833383 -335812109 -696778769 2072507598 
-0.284 0.22 1.19
-172409764 -1621398360 415166258 943962071 410902167 586767385 -46796833 2072441248 
-0.194 0.133 0.821
-96756733 -138820393 1448757694 1612775292 20134903 -13452877 1109327741 -73334632 
-0.156 0.296 0.908
-252004232 -681968149 766827939 440590143 282442663 833768222 -113917477 1938718946 
-0.221 0.332 0.983
-605406037 1408825191 -1208660129 754359336 -1785218049 -759906666 -476422305 -536949513 
-0.32 0.207 1.1
-1377167829 1072578292 -136385707 -527030053 -1388851585 -834290499 -2134999194 -1644630353 
-0.223 -0.0835 1.12
-1066224837 -101001873 -1342378929 -1527341560 -1785226242 -717341730 -276079265 -679702913 
-0.0499 -0.0948 0.852
-181 -1082139474 -318837057 1926758399 1342175159 -269784623 -1702887426 2038953614 
-0.00336 0.306 0.912
-344023265 -33564673 -404861699 -457244931 -406848514 -13648907 -944799746 -139620553 
-0.22 0.31 0.981
-463044609 -119578771 -1346442135 -1214825141 -402655746 -318901268 -1209566857 -679542937 
-0.0789 0.127 0.873
-1708218066 -927280803 -2016078705 1082117356 -675567112 -48618682 2072711647 -767750635 
-0.0861 0.207 0.871
-1691711741 1740157079 -2023930611 1144973484 -2053952522 -16475978 -1013287902 -558281187 
-0.058 -0.0729 0.883
-656099142 1469707727 -1080754273 -1889092052 -1845511187 -772649026 -69315685 -541307753 
-0.373 -0.0125 1.23
-151052593 -688030483 -139010375 -573508 -2013267985 -487428099 -1946256425 2146303439 
-0.276 -0.0542 1.14
-130623014 -545729171 733240463 -277373652 1375711726 -776851514 -282404493 1600986135 
-0.0447 -0.0382 0.903
-621087793 -654354961 -1347068789 -1342185588 -740306449 -256220217 -1091241 -134217825 
-0.068 -0.000702 0.878
1964464585 930466945 1214695657 -150947906 1215854240 1840445793 39123939 1002647626 
-0.0656 0.187 0.864
-1282086074 -1892378453 -1316874833 -548740372 1357469603 -242530026 1465905804 244143488 
-0.352 0.187 1.05
-295395 -756309130 -161559713 1622265849 -1625822337 -13844829 -2135953410 -109978625 
-0.0733 -0.107 0.832
-654337014 -272762881 870080415 1680277308 -1850229777 -550347849 -341877121 -5940073 
-0.0743 -0.116 0.93
-654337014 -272762881 870080415 1680277308 -1850229777 -550347849 -341877121 -5940073 
-0.245 -0.0515 1.15
1164728317 -1203281955 -1363218831 -1214306981 -287521700 -1904364819 -1780094089 1969160047 
-0.327 0.0277 1.2
-1162036170 -812522083 461701023 191561646 301685705 -201692354 2145376219 1384470928 
-0.223 0.275 1.02
-1628767814 -306261041 -1349196129 -2072523735 -941622273 -75600946 -1080076429 -553894281 
-0.0795 -0.076 0.98
1706898509 468221868 1547696763 -1143653157 1014777501 183628989 880140175 358279368 
-0.248 -0.0608 1.13
1205105485 -1200746904 1815865448 -1294114597 1853113494 147681477 -1805272276 88339402 
-0.0818 0.15 0.862
1853548856 1884543825 200016900 -1876765325 1787213944 1031322186 958457203 -361854349 
-0.0561 -0.104 0.751
-294956225 -119598474 -403182507 -188776613 -275251842 -865225779 -2069365262 -176636049 
-0.324 0.0244 1.24
-14967488 -1083732336 1089110582 1342829559 1785265717 798742635 2469629 715387528 
-0.296 0.109 1.06
1971678445 -2008645683 413596243 -1084919342 2120271001 720991849 876994351 550664650 
-0.16 0.237 0.968
1719660532 -128464358 681911472 285792087 1783493682 1068024680 2082840817 1671869280 
-0.045 -0.0382 0.889
-621087793 -654354961 -1347068789 -1342185588 -740306449 -256220217 -1091241 -134217825 
-0.211 0.308 0.922
-605406037 1408825191 -1208660129 754359336 -1785218049 -759906666 -476422305 -536949513 
-0.262 0.26 1.29
1707435901 -1202769988 -323245454 -1294376493 2121057311 785248505 -1268387860 567475183 
-0.138 -0.0649 1.01
-314855095 930864309 1283344751 1879113215 209532564 -1242318693 -803144209 2076410442 
-0.288 0.223 1.21
-172409764 -1621398360 415166258 943962071 410902167 586767385 -46796833 2072441248 
-0.332 0.0295 1.23
-1162036170 -812522083 461701023 191561646 301685705 -201692354 2145376219 1384470928 
-0.22 -0.0115 1.03
-344198501 -654582425 -411739009 -452993025 -810051074 -742476601 -1414858281 -8413569 
-0.169 0.0502 0.797
-1172670084 1079172377 700288173 -1876762865 1120795112 -1467342068 989976051 53358435 
-0.0839 0.196 0.858
-395159486 1083741229 1739589775 1881513644 -778063418 -788397178 -1685391213 392759068 
-0.161 0.237 0.966
1955882228 -1169871352 480687665 1527341911 -1435642863 718882664 342991569 570880416 
-0.0634 -0.0364 0.41
1298748939 284950390 -430682499 1704157181 -275302090 -546007835 -2136253114 -116546498 
-0.484 -0.0831 1.65
-4055907 2078974964 -153632202 1219623801 -1455952001 -16001103 -1057230882 -2123306561 
-0.242 -0.0646 1.07
1354641006 1135738089 968163243 -1085882872 300627845 -1063104618 -10921185 -414235198 
-0.402 0.158 1.25
1593113214 -555909651 1035337675 -1075839926 368957391 -252024929 -1084924965 1474231775 
-0.137 0.164 0.753
2122139380 -128488694 413644337 453592915 1785582655 778692456 341943025 575074657 
-0.11 0.221 0.92
1700491057 896469620 1618649184 -1332674061 1783032954 801485385 2403812 -1446856091 
-0.325 0.137 1.1
-1103454886 -530853837 -1478537809 1345257070 -1008864330 -13989042 -619776517 1596786226 
-0.0601 -0.107 0.857
-982822129 955208310 -429921171 1623157977 -283648642 -865226555 -2068894362 -177094865 
-0.134 0.257 0.86
-1206780973 -698577477 1840282795 339973807 -775095386 -1311634865 -99823432 -578349768 
-0.0586 -0.0731 0.882
-659113238 1469707759 1066688411 -1352220884 -1845511185 -772640842 -69575845 -542225257 
-0.343 0.277 1.14
-445951683 2028951158 -419443643 1623137625 -300442498 -1942637879 -2069697162 -244270225 
-0.263 0.0324 0.787
-436907365 1459174118 -134845571 -107528289 -1648910849 -1025117011 -2064449578 -35529489 
-0.246 -0.0525 1.12
1162435417 -1251009868 -419500956 1888690355 -332610448 744863949 -2069516828 1507375725 
-0.0674 0.0265 0.896
1088041692 1362836194 -63459783 -1614420147 853867831 1118360880 -413023906 1627907043 
-0.0687 -0.00183 0.335
-1939681493 -407988905 -405255163 -994654168 -979915908 -16466994 -1953874894 -579301825 
-0.074 -0.109 0.85
-654337014 -272762881 870080415 1680277308 -1850229777 -550347849 -341877121 -5940073 
-0.0978 -0.116 0.98
-1227559690 -866752053 -1180059973 457960270 -219294277 -221558930 1062064827 110000035 
-0.248 -0.0379 1.19
1711112029 945774128 -318837643 -258768901 1862136854 -1895968567 -1809453074 1901000302 
-0.268 -0.0473 1.14
-1855580625 1488500599 -143297697 -1392584632 900925951 -702696313 -409772514 -679915553 
-0.116 0.28 0.882
-503712951 489769010 -331354837 1892311007 821894550 10563731 -970596882 1938260590 
-0.0778 0.18 0.849
-1154722650 1236885996 -1282058354 1265295317 -1811967539 -765769922 -33947177 -759342700 
-0.0842 0.0189 0.843
-1707763614 1740238191 999390605 1109827244 -2116307994 -248509674 -82177961 -542831594 
-0.353 0.0377 1.22
1701527864 1886079574 -898178976 814810451 -367592326 203731657 -2136888971 -260658331 
-0.384 0.32 1.3
-445950275 1894471286 -419435451 1623137627 -300446594 -1909082423 -2069828234 -244274321 
-0.175 -0.0563 0.801
-1690914678 1605959165 1071611279 -1400987988 -1845519377 -713347177 -73770537 -676524322 
-0.0666 -0.0757 0.77
-1704809938 -927296129 -1342874229 -1795240920 -677926402 -240245882 -7643877 -679506089 
-0.295 -0.00255 1.2
377941222 -2037073717 -1717520453 524806246 334096267 -477466828 995955226 244282817 
-0.305 0.019 1.15
1695915344 927287856 1625983028 1887450039 676115984 240228473 270577377 700637224 
-0.173 -0.0567 0.79
-1690914678 1605959165 1071611279 -1400987988 -1845519377 -713347177 -73770537 -676524322 
-0.0927 0.0639 0.854
-1125756356 1735670757 2003971925 -1724176305 564579839 -2013203780 -2022312010 -1744929539 
-0.364 0.0878 1.13
-436333349 419004006 -1225331075 2039955295 -1380475394 -832194899 -2048720938 -244454033 
-0.212 0.297 0.925
-588088286 1878980597 200838751 -2139620312 -2120745985 -359482428 -1415619009 -805404969 
-0.304 0.106 1.11
1173691485 845643443 1757342329 -1081790117 687666215 1256586401 -1871319042 759887087 
-0.222 0.17 0.997
-96756733 -138820393 1448757694 1612775292 20134903 -13452877 1109327741 -73334632 
-0.0788 -0.086 0.925
-802115573 326237557 477448571 1011261372 404167557 -776849257 1779440719 -1756691238 
-0.14 0.147 0.925
-995021483 -389322979 44622018 645789304 -365365799 -558210295 1015516729 610624273 
-0.344 0.13 1.28
1710718173 -1167114592 1554442865 -1081003685 779928631 184415657 -1805258758 826470890 
-0.152 -0.072 1.12
2034088265 -1619792392 1283348843 1879769023 410852231 905132179 -667877937 2076672714 
-0.000597 0.249 0.903
-890081222 1291353981 201321775 -193028148 -1847616001 -1032211570 -1080074857 -546480489 
-0.0477 -0.0935 1
-20988337 -4325890 -6398017 1794047997 -1778420761 -202749513 -83894305 2108017822 
-0.3 0.094 1.09
-1080570157 -1508999126 -406191426 -1029578011 -949196953 2135411047 -1837193568 489254924 
-0.367 0.139 1.13
-688374929 -623116819 -1380123253 1054866862 301987727 -235248762 -1153475237 -10485801 
-0.241 0.0256 1.09
1735250765 -1201709524 -461378451 1956519387 1862096086 -2072137523 -735708690 1969012302 
-0.0869 0.117 0.747
-1688103774 1270473055 -1285982946 1278139916 -1852630017 -679862734 -275032547 -139113067 
-0.0905 0.176 0.974
-1687648478 1874391550 -1285726946 -2134979544 -1852367909 -680642026 -273021618 -541258731 
-0.0763 0.242 0.847
-1618503165 -1230137738 -430810276 -457410820 -851546250 -315106075 -2130825724 -48153572 
-0.423 -0.0396 1.45
-213745 -21129746 -1487119425 1811873788 -2085127185 -181765385 -352362626 -73016171 
-0.0841 0.189 0.893
155249963 -404056747 1180459359 -1531537368 496118361 -9127177 -359785426 -1663562145 
-0.168 0.215 0.922
887368299 459111913 -1650065437 1054288907 234735245 16732060 -1118478498 1583277251 
-0.317 0.204 1.08
-1217735125 -1226130828 -145331331 -996267781 -1388843393 -280642387 -1061519506 -573006673 
-0.0454 -0.0386 0.953
-419531265 -117482001 -1346568501 671088479 -404762113 -356620307 -1074800133 -135266441 
-0.402 0.283 1.36
1165049641 871312244 -327227275 882123251 743894110 249936105 -2145010130 -112006545 
-0.183 -0.0622 1.17
63301605 -1136251972 -54807726 467165395 -26425765 852456123 -186282324 13827053 
-0.233 -0.0406 1.08
1165956873 930963377 -461443723 -1265483877 752295478 -1938450283 -1049296913 -36776722 
-0.365 0.244 1.21
1165215257 -1225835530 -159751811 -459511589 756469374 -815419211 -1004016066 -168559889 
-0.217 0.0299 1.02
1711093327 -1736474972 -331354581 -1160298529 2130531735 -889597807 -2073690161 1900541838 
-0.213 0.293 0.92
-286083806 1342105045 66684255 8190248 -1852572679 -82265582 -1415676865 -1963566379 
-0.26 -0.0989 1.3
-830842613 1962925437 -1476637553 -457777428 -944244226 -38093884 -1953858185 -8536553 
-0.0971 0.0738 0.866
-1135197161 1868315554 -3087843 -1717475633 664136087 -1639132611 -1838299216 -1853129284 
-0.275 -0.0146 1.15
1924194680 -1370235447 145014115 843634495 1354816385 838494794 2132137467 713424962 
-0.812 -0.119 1.91
-1989541373 1354273142 -497792627 1622576700 -1927857810 -719013758 -1061545898 -516847563 
-0.277 -0.0487 1.14
-1741786929 -801516435 395664815 -293675220 -721473052 -239990889 -880117281 1462600966 
-0.0431 -0.0937 1.03
-16757 -131082 -144810177 1774125053 -1648362497 -143655757 -1023410194 -106832737 
-0.226 0.192 0.932
-268870403 -1202762196 184020560 1939568115 -281160610 721024745 -1796871183 2035612452 
-0.00269 0.319 0.937
-344023265 -33564673 -404861699 -457244931 -406848514 -13648907 -944799746 -139620553 
